{
 "cells": [
  {
   "cell_type": "code",
   "execution_count": 234,
   "metadata": {},
   "outputs": [
    {
     "name": "stdout",
     "output_type": "stream",
     "text": [
      "Original Data:\n",
      "| Attribute | Column 1 | Column 2 | Column 3 | Column 4 | Column 5 | Column 6 | Column 7 | Column 8 | Column 9 | Column 10 | Column 11 | Column 12 | Column 13 | Column 14 | Column 15 | Column 16 | Column 17 | Column 18 | Column 19 | Column 20 | Column 21 | Column 22 | Column 23 | Column 24 | Column 25 | Column 26 | Column 27 | Column 28 | Column 29 | Column 30 | Column 31 | Column 32 | Column 33 | Column 34 | Column 35 | Column 36 | Column 37 | Column 38 | Column 39 | Column 40 | Column 41 | Column 42 | Column 43 | Column 44 | Column 45 | Column 46 | Column 47 | Column 48 | Column 49 | Column 50 | Column 51 | Column 52 | Column 53 | Column 54 | Column 55 | Column 56 | Column 57 | Column 58 | Column 59 | Column 60 | Column 61 | Column 62 | Column 63 | Column 64 | Column 65 | Column 66 | Column 67 | Column 68 | Column 69 | Column 70 | Column 71 | Column 72 | Column 73 | Column 74 | Column 75 | Column 76 | Column 77 | Column 78 | Column 79 | Column 80 | Column 81 | Column 82 | Column 83 |\n",
      "-----------+----------+----------+----------+----------+----------+----------+----------+----------+----------+-----------+-----------+-----------+-----------+-----------+-----------+-----------+-----------+-----------+-----------+-----------+-----------+-----------+-----------+-----------+-----------+-----------+-----------+-----------+-----------+-----------+-----------+-----------+-----------+-----------+-----------+-----------+-----------+-----------+-----------+-----------+-----------+-----------+-----------+-----------+-----------+-----------+-----------+-----------+-----------+-----------+-----------+-----------+-----------+-----------+-----------+-----------+-----------+-----------+-----------+-----------+-----------+-----------+-----------+-----------+-----------+-----------+-----------+-----------+-----------+-----------+-----------+-----------+-----------+-----------+-----------+-----------+-----------+-----------+-----------+-----------+-----------+-----------+-----------\n",
      "| Num | 1.00000 | -0.00047 | -0.00007 | 0.00187 | 0.00058 | 0.99984 | -0.00067 | -0.00047 | -0.00047 | 0.99986 | 0.99621 | 0.95783 | 0.01249 | 0.99630 | -0.00055 | 0.99892 | 0.99193 | 0.99825 | 0.99300 | -0.00045 | 0.99674 | 0.00046 | 0.75355 | -0.02640 | -0.00024 | 0.00053 | 0.00101 | 0.00114 | -0.01191 | -0.00046 | 0.00503 | -0.00047 | 0.08615 | 0.00726 | 0.98628 | 0.00043 | 0.00221 | -0.00044 | 0.85795 | 0.00223 | -0.00049 | 0.78139 | 0.74592 | -0.00673 | 0.44783 | -0.00485 | -0.00060 | -0.00566 | -0.00832 | -0.00311 | -0.00150 | 0.00064 | -0.00774 | 0.00067 | 0.00341 | 0.00115 | 0.00122 | 0.00114 | 0.00223 | 0.00072 | 0.00350 | -0.00094 | -0.00739 | -0.00064 | -0.01019 | -0.00103 | -0.00603 | -0.00387 | -0.00597 | -0.00047 | 0.08611 | 0.00089 | 0.01194 | -0.00104 | 0.01436 | -0.00000 | -0.00099 | 0.00061 | 0.01435 | -0.00042 | 0.00033 | -0.00029 | -0.03762 |\n",
      "| Country | -0.00047 | 1.00000 | 0.99989 | -0.00226 | 0.99968 | -0.00237 | -0.00182 | 1.00000 | 0.99997 | -0.00044 | -0.00214 | -0.00181 | -0.00186 | -0.00202 | -0.00324 | -0.00048 | -0.00166 | -0.00073 | -0.00037 | 1.00000 | -0.00040 | -0.00061 | -0.00833 | -0.06752 | -0.00152 | -0.00025 | -0.00006 | -0.00005 | -0.01535 | 1.00000 | -0.00044 | 0.99999 | -0.02624 | -0.00009 | -0.00036 | -0.00106 | -0.00010 | 0.99991 | -0.00199 | -0.00269 | 0.99895 | -0.00493 | -0.00420 | -0.00705 | -0.00063 | -0.00095 | -0.00670 | -0.00029 | 0.95430 | -0.00508 | -0.00087 | -0.00405 | -0.00267 | -0.00125 | -0.00373 | -0.00473 | -0.00384 | -0.00589 | -0.00550 | -0.00182 | -0.00139 | -0.00023 | 0.00534 | -0.00013 | 0.13018 | -0.00536 | -0.00116 | -0.00383 | -0.00159 | 0.99999 | -0.00302 | -0.00166 | -0.00233 | -0.00121 | -0.00127 | -0.00290 | -0.00058 | -0.00128 | -0.00146 | -0.00011 | -0.00169 | -0.00230 | 0.01465 |\n",
      "| X1 | -0.00007 | 0.99989 | 1.00000 | -0.00216 | 0.99972 | -0.00199 | -0.00172 | 0.99989 | 0.99991 | -0.00006 | -0.00179 | -0.00149 | -0.00109 | -0.00168 | -0.00324 | -0.00009 | -0.00130 | -0.00025 | 0.00000 | 0.99989 | -0.00004 | 0.00044 | -0.00683 | -0.06488 | -0.00159 | 0.00072 | 0.00082 | 0.00082 | -0.01493 | 0.99989 | -0.00002 | 0.99990 | -0.02463 | 0.00000 | 0.00009 | -0.00084 | 0.00002 | 0.99989 | -0.00168 | -0.00256 | 0.99885 | -0.00436 | -0.00374 | -0.00688 | 0.00093 | -0.00017 | -0.00646 | -0.00015 | 0.95391 | -0.00477 | -0.00021 | -0.00316 | -0.00225 | -0.00076 | -0.00258 | -0.00402 | -0.00330 | -0.00501 | -0.00294 | -0.00110 | -0.00099 | -0.00039 | 0.00513 | -0.00043 | 0.12918 | -0.00383 | 0.00021 | -0.00335 | -0.00102 | 0.99989 | -0.00311 | -0.00064 | -0.00052 | -0.00153 | -0.00138 | -0.00191 | -0.00063 | -0.00037 | -0.00147 | 0.00008 | -0.00060 | -0.00149 | 0.01440 |\n",
      "| X2 | 0.00187 | -0.00226 | -0.00216 | 1.00000 | -0.00116 | 0.00157 | 0.95941 | -0.00226 | -0.00236 | 0.00160 | 0.02868 | 0.00380 | 0.00831 | 0.02873 | 0.95950 | 0.00551 | 0.00401 | -0.00035 | 0.00388 | -0.00227 | 0.02278 | -0.00328 | 0.01713 | -0.00530 | -0.00028 | -0.00300 | -0.00251 | -0.00240 | -0.02307 | -0.00226 | 0.01238 | -0.00233 | 0.00415 | 0.99183 | 0.00382 | -0.00130 | 0.99986 | -0.00252 | 0.00307 | 0.99961 | -0.00243 | 0.02445 | 0.02137 | -0.01163 | -0.00338 | -0.00935 | -0.00162 | -0.01035 | -0.01225 | -0.00996 | 0.00785 | -0.00156 | -0.00433 | -0.00388 | 0.01016 | 0.01384 | -0.00049 | 0.01285 | -0.00277 | -0.00493 | -0.00530 | -0.00169 | -0.01237 | -0.00296 | -0.01809 | -0.01041 | -0.00438 | -0.00072 | -0.00033 | -0.00228 | -0.00249 | -0.00008 | 0.04502 | -0.00316 | 0.00930 | 0.00310 | -0.00162 | -0.00098 | 0.01181 | 0.00058 | -0.00218 | -0.00224 | -0.04676 |\n",
      "| X3 | 0.00058 | 0.99968 | 0.99972 | -0.00116 | 1.00000 | -0.00136 | -0.00074 | 0.99967 | 0.99971 | 0.00057 | -0.00104 | -0.00058 | -0.00005 | -0.00096 | -0.00232 | 0.00052 | -0.00052 | 0.00028 | 0.00079 | 0.99969 | 0.00069 | 0.00040 | -0.00705 | -0.06765 | 0.00010 | 0.00068 | 0.00070 | 0.00071 | -0.01349 | 0.99967 | -0.00031 | 0.99970 | -0.02308 | 0.00104 | 0.00084 | -0.00072 | 0.00104 | 0.99973 | -0.00063 | -0.00160 | 0.99940 | -0.00402 | -0.00347 | -0.00785 | 0.00020 | 0.00091 | -0.00602 | -0.00005 | 0.95337 | -0.00406 | 0.00051 | -0.00291 | -0.00162 | 0.01579 | 0.00050 | -0.00298 | -0.00238 | -0.00399 | -0.00362 | 0.01534 | 0.00092 | -0.00129 | 0.00366 | -0.00070 | 0.12789 | -0.00294 | 0.00030 | -0.00185 | 0.00080 | 0.99967 | -0.00192 | 0.00059 | 0.00098 | -0.00155 | -0.00043 | -0.00285 | -0.00067 | -0.00044 | -0.00041 | 0.00065 | -0.00065 | -0.00151 | 0.01480 |\n",
      "| X4 | 0.99984 | -0.00237 | -0.00199 | 0.00157 | -0.00136 | 1.00000 | -0.00108 | -0.00237 | -0.00238 | 0.99992 | 0.99623 | 0.95767 | 0.01409 | 0.99629 | -0.00093 | 0.99900 | 0.99180 | 0.99869 | 0.99277 | -0.00236 | 0.99660 | 0.00041 | 0.75401 | -0.02383 | -0.00048 | 0.00051 | 0.00102 | 0.00115 | -0.01243 | -0.00237 | 0.00545 | -0.00237 | 0.08569 | 0.00696 | 0.98614 | 0.00154 | 0.00188 | -0.00236 | 0.85770 | 0.00196 | -0.00240 | 0.78197 | 0.74661 | -0.00524 | 0.44769 | -0.00466 | 0.00044 | -0.00593 | -0.00970 | -0.00218 | -0.00158 | 0.00125 | -0.00821 | 0.00068 | 0.00335 | 0.00090 | -0.00019 | 0.00071 | 0.00220 | 0.00072 | 0.00153 | 0.00025 | -0.00682 | 0.00001 | -0.00863 | -0.00025 | -0.00768 | -0.00447 | -0.00747 | -0.00238 | 0.08751 | 0.00089 | 0.01300 | -0.00129 | 0.01461 | 0.00085 | -0.00120 | 0.00062 | 0.01460 | -0.00040 | 0.00035 | -0.00031 | -0.03876 |\n",
      "| X5 | -0.00067 | -0.00182 | -0.00172 | 0.95941 | -0.00074 | -0.00108 | 1.00000 | -0.00182 | -0.00182 | -0.00102 | 0.02713 | 0.00178 | 0.01258 | 0.02729 | 0.99982 | 0.00334 | 0.00193 | -0.00366 | 0.00183 | -0.00182 | 0.02149 | -0.00066 | 0.00666 | -0.01136 | -0.00008 | -0.00051 | 0.00033 | -0.00002 | -0.02751 | -0.00182 | 0.01049 | -0.00182 | 0.00068 | 0.95700 | 0.00177 | -0.00152 | 0.95960 | -0.00204 | 0.00126 | 0.95985 | -0.00185 | 0.01490 | 0.01055 | -0.01374 | -0.00168 | -0.01390 | -0.00206 | -0.01020 | -0.01681 | -0.01147 | 0.00501 | -0.00315 | -0.00416 | -0.00087 | 0.00981 | 0.00839 | -0.00044 | 0.00641 | -0.00236 | -0.00119 | -0.00667 | -0.00463 | -0.01603 | -0.00317 | -0.02511 | -0.01249 | -0.00509 | 0.00307 | 0.00264 | -0.00184 | -0.00477 | 0.00052 | 0.04475 | -0.00306 | 0.01750 | -0.00035 | -0.00323 | 0.00110 | 0.01899 | -0.00480 | -0.00213 | -0.00274 | -0.05130 |\n",
      "| X6 | -0.00047 | 1.00000 | 0.99989 | -0.00226 | 0.99967 | -0.00237 | -0.00182 | 1.00000 | 0.99997 | -0.00044 | -0.00214 | -0.00181 | -0.00186 | -0.00202 | -0.00324 | -0.00048 | -0.00166 | -0.00073 | -0.00037 | 1.00000 | -0.00040 | -0.00060 | -0.00833 | -0.06748 | -0.00154 | -0.00025 | -0.00005 | -0.00005 | -0.01540 | 1.00000 | -0.00044 | 0.99998 | -0.02627 | -0.00009 | -0.00036 | -0.00106 | -0.00010 | 0.99991 | -0.00199 | -0.00269 | 0.99892 | -0.00493 | -0.00420 | -0.00705 | -0.00063 | -0.00095 | -0.00670 | -0.00028 | 0.95430 | -0.00507 | -0.00087 | -0.00405 | -0.00267 | -0.00183 | -0.00381 | -0.00473 | -0.00384 | -0.00589 | -0.00550 | -0.00240 | -0.00139 | -0.00023 | 0.00534 | -0.00013 | 0.13019 | -0.00536 | -0.00116 | -0.00383 | -0.00159 | 0.99999 | -0.00302 | -0.00166 | -0.00233 | -0.00121 | -0.00127 | -0.00290 | -0.00058 | -0.00128 | -0.00146 | -0.00011 | -0.00169 | -0.00230 | 0.01466 |\n",
      "| X7 | -0.00047 | 0.99997 | 0.99991 | -0.00236 | 0.99971 | -0.00238 | -0.00182 | 0.99997 | 1.00000 | -0.00045 | -0.00215 | -0.00182 | -0.00175 | -0.00204 | -0.00337 | -0.00049 | -0.00167 | -0.00074 | -0.00038 | 0.99998 | -0.00041 | 0.00047 | -0.00835 | -0.06785 | -0.00147 | 0.00084 | 0.00100 | 0.00100 | -0.01482 | 0.99997 | -0.00041 | 0.99999 | -0.02568 | -0.00019 | -0.00037 | -0.00107 | -0.00019 | 0.99992 | -0.00201 | -0.00279 | 0.99895 | -0.00493 | -0.00433 | -0.00708 | 0.00087 | -0.00101 | -0.00681 | -0.00022 | 0.95403 | -0.00421 | -0.00071 | -0.00400 | -0.00217 | -0.00065 | -0.00303 | -0.00464 | -0.00339 | -0.00581 | -0.00518 | -0.00114 | -0.00138 | -0.00041 | 0.00503 | -0.00021 | 0.12968 | -0.00539 | -0.00120 | -0.00384 | -0.00164 | 0.99997 | -0.00299 | -0.00138 | -0.00205 | -0.00126 | -0.00132 | -0.00288 | -0.00060 | -0.00021 | -0.00146 | -0.00001 | -0.00169 | -0.00232 | 0.01502 |\n",
      "| X8 | 0.99986 | -0.00044 | -0.00006 | 0.00160 | 0.00057 | 0.99992 | -0.00102 | -0.00044 | -0.00045 | 1.00000 | 0.99614 | 0.95768 | 0.01308 | 0.99623 | -0.00087 | 0.99902 | 0.99179 | 0.99873 | 0.99280 | -0.00042 | 0.99658 | 0.00050 | 0.75400 | -0.02455 | -0.00047 | 0.00054 | 0.00105 | 0.00117 | -0.01283 | -0.00044 | 0.00526 | -0.00044 | 0.08497 | 0.00700 | 0.98614 | 0.00106 | 0.00193 | -0.00042 | 0.85773 | 0.00199 | -0.00047 | 0.78192 | 0.74651 | -0.00581 | 0.44773 | -0.00464 | 0.00041 | -0.00540 | -0.00788 | -0.00267 | -0.00173 | 0.00083 | -0.00726 | 0.00069 | 0.00328 | 0.00097 | 0.00098 | 0.00080 | 0.00236 | 0.00073 | 0.00007 | 0.00034 | -0.00657 | -0.00001 | -0.00864 | -0.00122 | -0.00685 | -0.00661 | -0.00964 | -0.00045 | 0.08677 | 0.00122 | 0.01236 | -0.00123 | 0.01377 | 0.00148 | -0.00156 | 0.00064 | 0.01378 | -0.00037 | 0.00038 | -0.00037 | -0.03892 |\n",
      "| X9 | 0.99621 | -0.00214 | -0.00179 | 0.02868 | -0.00104 | 0.99623 | 0.02713 | -0.00214 | -0.00215 | 0.99614 | 1.00000 | 0.95330 | 0.06606 | 0.99991 | 0.02728 | 0.99769 | 0.98729 | 0.99347 | 0.98823 | -0.00212 | 0.99983 | 0.00047 | 0.75027 | -0.02777 | -0.00057 | 0.00053 | 0.00104 | 0.00117 | -0.01584 | -0.00213 | 0.01832 | -0.00214 | 0.08334 | 0.03434 | 0.98081 | 0.00689 | 0.02889 | -0.00213 | 0.85293 | 0.02895 | -0.00216 | 0.77867 | 0.74300 | -0.00834 | 0.44588 | -0.00522 | 0.00019 | -0.00754 | -0.01014 | -0.00479 | -0.00002 | 0.00036 | -0.00961 | 0.00071 | 0.00162 | 0.00095 | 0.00016 | 0.00091 | 0.00138 | 0.00073 | 0.00126 | -0.00180 | -0.00995 | -0.00186 | -0.01331 | -0.00210 | -0.00747 | -0.00330 | -0.00667 | -0.00214 | 0.08641 | 0.00032 | 0.06158 | -0.00106 | 0.09201 | -0.00014 | -0.00142 | 0.00076 | 0.09134 | 0.00080 | 0.00037 | -0.00018 | -0.03585 |\n",
      "| X10 | 0.95783 | -0.00181 | -0.00149 | 0.00380 | -0.00058 | 0.95767 | 0.00178 | -0.00181 | -0.00182 | 0.95768 | 0.95330 | 1.00000 | 0.17158 | 0.95354 | 0.00192 | 0.95619 | 0.98565 | 0.95590 | 0.98418 | -0.00179 | 0.95393 | 0.00059 | 0.71840 | -0.02265 | 0.28333 | 0.00056 | 0.00089 | 0.00104 | -0.01936 | -0.00181 | -0.00001 | -0.00181 | 0.09163 | 0.00922 | 0.98220 | -0.00075 | 0.00427 | -0.00182 | 0.96867 | 0.00420 | -0.00183 | 0.74538 | 0.71133 | -0.00548 | 0.42888 | -0.00497 | -0.00296 | -0.00830 | -0.01547 | -0.00561 | 0.00045 | 0.00754 | 0.01658 | 0.00055 | 0.08421 | 0.00051 | -0.00073 | -0.00000 | -0.00002 | 0.00048 | -0.00239 | -0.00632 | -0.01114 | -0.00295 | -0.01838 | -0.00389 | -0.00765 | -0.00725 | -0.00966 | -0.00182 | 0.08031 | -0.00202 | 0.00034 | -0.00079 | 0.00259 | -0.00197 | -0.00125 | 0.00062 | 0.00265 | -0.00058 | 0.00015 | -0.00165 | -0.03229 |\n",
      "| X11 | 0.01249 | -0.00186 | -0.00109 | 0.00831 | -0.00005 | 0.01409 | 0.01258 | -0.00186 | -0.00175 | 0.01308 | 0.06606 | 0.17158 | 1.00000 | 0.06339 | 0.01281 | 0.03196 | 0.07551 | 0.01525 | 0.06985 | -0.00185 | 0.06052 | 0.00049 | 0.02227 | 0.10864 | 0.58195 | -0.00189 | -0.00279 | -0.00264 | -0.05710 | -0.00186 | 0.13690 | -0.00177 | 0.01332 | 0.00570 | 0.08214 | 0.16035 | 0.00758 | -0.00177 | 0.30380 | 0.00690 | -0.00196 | 0.02487 | 0.02538 | 0.01892 | 0.00357 | -0.00100 | 0.03318 | -0.01155 | -0.01721 | -0.01957 | 0.01927 | 0.04636 | 0.05628 | -0.00027 | 0.17523 | -0.00121 | 0.01026 | -0.00057 | 0.00669 | -0.00045 | -0.01918 | 0.07201 | -0.02099 | 0.01437 | 0.00362 | 0.00289 | -0.01094 | -0.01213 | -0.02123 | -0.00188 | 0.00782 | 0.02749 | 0.45208 | -0.00923 | 0.66996 | 0.07003 | -0.00086 | -0.00026 | 0.66601 | 0.01439 | 0.00023 | -0.00459 | 0.05787 |\n",
      "| X12 | 0.99630 | -0.00202 | -0.00168 | 0.02873 | -0.00096 | 0.99629 | 0.02729 | -0.00202 | -0.00204 | 0.99623 | 0.99991 | 0.95354 | 0.06339 | 1.00000 | 0.02744 | 0.99778 | 0.98744 | 0.99352 | 0.98839 | -0.00200 | 0.99991 | 0.00053 | 0.75053 | -0.02946 | -0.00036 | 0.00057 | 0.00110 | 0.00124 | -0.01562 | -0.00201 | 0.01865 | -0.00202 | 0.08271 | 0.03438 | 0.98098 | 0.00205 | 0.02896 | -0.00202 | 0.85320 | 0.02915 | -0.00204 | 0.77902 | 0.74323 | -0.00886 | 0.44585 | -0.00559 | -0.00151 | -0.00747 | -0.01012 | -0.00436 | -0.00000 | 0.00039 | -0.00927 | 0.00073 | 0.00080 | 0.00102 | 0.00047 | 0.00084 | 0.00126 | 0.00068 | 0.00078 | -0.00209 | -0.00948 | -0.00142 | -0.01305 | -0.00192 | -0.00711 | -0.00488 | -0.00771 | -0.00203 | 0.08662 | 0.00065 | 0.06034 | -0.00095 | 0.09094 | -0.00023 | -0.00124 | 0.00080 | 0.09020 | 0.00080 | 0.00036 | -0.00006 | -0.03736 |\n",
      "| X13 | -0.00055 | -0.00324 | -0.00324 | 0.95950 | -0.00232 | -0.00093 | 0.99982 | -0.00324 | -0.00337 | -0.00087 | 0.02728 | 0.00192 | 0.01281 | 0.02744 | 1.00000 | 0.00352 | 0.00205 | -0.00343 | 0.00194 | -0.00325 | 0.02161 | -0.00333 | 0.00715 | -0.00648 | -0.00020 | -0.00323 | -0.00231 | -0.00266 | -0.02842 | -0.00324 | 0.01062 | -0.00332 | 0.00044 | 0.95706 | 0.00191 | -0.00128 | 0.95964 | -0.00353 | 0.00144 | 0.95994 | -0.00342 | 0.01540 | 0.01143 | -0.01323 | -0.00521 | -0.01342 | -0.00138 | -0.01004 | -0.01703 | -0.01343 | 0.00470 | -0.00268 | -0.00494 | -0.00417 | 0.00780 | 0.00840 | -0.00144 | 0.00649 | -0.00285 | -0.00467 | -0.00642 | -0.00394 | -0.01484 | -0.00286 | -0.02338 | -0.01203 | -0.00469 | 0.00341 | 0.00318 | -0.00326 | -0.00467 | 0.00058 | 0.04567 | -0.00336 | 0.01767 | -0.00015 | -0.00302 | -0.00152 | 0.01910 | -0.00498 | -0.00201 | -0.00258 | -0.05250 |\n",
      "| X14 | 0.99892 | -0.00048 | -0.00009 | 0.00551 | 0.00052 | 0.99900 | 0.00334 | -0.00048 | -0.00049 | 0.99902 | 0.99769 | 0.95619 | 0.03196 | 0.99778 | 0.00352 | 1.00000 | 0.99030 | 0.99788 | 0.99129 | -0.00046 | 0.99792 | 0.00061 | 0.75654 | -0.02608 | -0.00075 | 0.00051 | 0.00113 | 0.00126 | -0.01296 | -0.00047 | 0.01347 | -0.00048 | 0.08534 | 0.01020 | 0.98439 | 0.00115 | 0.00564 | -0.00045 | 0.85602 | 0.00589 | -0.00051 | 0.78527 | 0.74928 | -0.00791 | 0.44710 | -0.00587 | -0.00074 | -0.00629 | -0.00439 | -0.00305 | 0.00003 | 0.00552 | -0.00734 | 0.00067 | 0.00253 | 0.00131 | 0.00209 | 0.00119 | 0.00225 | 0.00068 | -0.00296 | 0.00298 | -0.00829 | 0.00003 | -0.01035 | -0.00146 | -0.00670 | -0.00602 | -0.00955 | -0.00048 | 0.09023 | 0.00251 | 0.02882 | -0.00127 | 0.03829 | 0.00174 | -0.00156 | 0.00064 | 0.03807 | 0.00024 | 0.00036 | -0.00043 | -0.03863 |\n",
      "| X15 | 0.99193 | -0.00166 | -0.00130 | 0.00401 | -0.00052 | 0.99180 | 0.00193 | -0.00166 | -0.00167 | 0.99179 | 0.98729 | 0.98565 | 0.07551 | 0.98744 | 0.00205 | 0.99030 | 1.00000 | 0.99018 | 0.99989 | -0.00164 | 0.98785 | 0.00051 | 0.74481 | -0.02974 | 0.11807 | 0.00062 | 0.00101 | 0.00115 | -0.01666 | -0.00165 | 0.00045 | -0.00166 | 0.08864 | 0.00953 | 0.99690 | -0.00038 | 0.00447 | -0.00166 | 0.91463 | 0.00440 | -0.00168 | 0.77239 | 0.73718 | -0.00772 | 0.44435 | -0.00488 | -0.00179 | -0.00739 | -0.01379 | -0.00475 | 0.00039 | 0.00163 | 0.00111 | 0.00068 | 0.04209 | 0.00110 | -0.00030 | 0.00086 | 0.00076 | 0.00068 | -0.00082 | -0.00577 | -0.01011 | -0.00270 | -0.01649 | -0.00315 | -0.00690 | -0.00510 | -0.00736 | -0.00167 | 0.08364 | -0.00185 | 0.00038 | -0.00060 | 0.00291 | -0.00151 | -0.00113 | 0.00067 | 0.00298 | -0.00065 | 0.00027 | -0.00012 | -0.03583 |\n",
      "| X16 | 0.99825 | -0.00073 | -0.00025 | -0.00035 | 0.00028 | 0.99869 | -0.00366 | -0.00073 | -0.00074 | 0.99873 | 0.99347 | 0.95590 | 0.01525 | 0.99352 | -0.00343 | 0.99788 | 0.99018 | 1.00000 | 0.99115 | -0.00071 | 0.99374 | 0.00056 | 0.75696 | -0.01054 | -0.00172 | 0.00026 | 0.00090 | 0.00101 | -0.00932 | -0.00072 | 0.00597 | -0.00073 | 0.08675 | 0.00494 | 0.98611 | 0.00341 | -0.00020 | -0.00069 | 0.85714 | 0.00003 | -0.00077 | 0.78521 | 0.75009 | -0.00112 | 0.44683 | -0.00487 | 0.00305 | -0.00412 | -0.00309 | -0.00017 | -0.00316 | 0.00875 | -0.00412 | 0.00055 | 0.00585 | 0.00108 | 0.00129 | 0.00094 | 0.00235 | 0.00058 | -0.00723 | 0.01029 | -0.00262 | 0.00459 | 0.00062 | 0.00163 | -0.00815 | -0.00858 | -0.01319 | -0.00073 | 0.08973 | 0.00432 | 0.01243 | -0.00261 | 0.00391 | 0.00572 | -0.00215 | 0.00040 | 0.00403 | -0.00008 | 0.00045 | -0.00099 | -0.04300 |\n",
      "| X17 | 0.99300 | -0.00037 | 0.00000 | 0.00388 | 0.00079 | 0.99277 | 0.00183 | -0.00037 | -0.00038 | 0.99280 | 0.98823 | 0.98418 | 0.06985 | 0.98839 | 0.00194 | 0.99129 | 0.99989 | 0.99115 | 1.00000 | -0.00035 | 0.98889 | 0.00050 | 0.74568 | -0.02991 | 0.10999 | 0.00061 | 0.00098 | 0.00112 | -0.01624 | -0.00037 | 0.00051 | -0.00037 | 0.08828 | 0.00935 | 0.99672 | -0.00107 | 0.00435 | -0.00036 | 0.91132 | 0.00427 | -0.00039 | 0.77321 | 0.73794 | -0.00792 | 0.44484 | -0.00486 | -0.00175 | -0.00696 | -0.01243 | -0.00478 | 0.00037 | 0.00138 | 0.00111 | 0.00066 | 0.03966 | 0.00117 | 0.00081 | 0.00096 | 0.00201 | 0.00068 | 0.00040 | -0.00583 | -0.01010 | -0.00272 | -0.01645 | -0.00305 | -0.00634 | -0.00469 | -0.00634 | -0.00038 | 0.08369 | -0.00177 | 0.00044 | -0.00060 | 0.00280 | -0.00150 | -0.00072 | 0.00065 | 0.00286 | -0.00064 | 0.00026 | -0.00011 | -0.03573 |\n",
      "| X18 | -0.00045 | 1.00000 | 0.99989 | -0.00227 | 0.99969 | -0.00236 | -0.00182 | 1.00000 | 0.99998 | -0.00042 | -0.00212 | -0.00179 | -0.00185 | -0.00200 | -0.00325 | -0.00046 | -0.00164 | -0.00071 | -0.00035 | 1.00000 | -0.00038 | -0.00060 | -0.00832 | -0.06763 | -0.00150 | -0.00024 | -0.00006 | -0.00006 | -0.01534 | 1.00000 | -0.00045 | 0.99999 | -0.02625 | -0.00010 | -0.00034 | -0.00106 | -0.00010 | 0.99991 | -0.00197 | -0.00269 | 0.99897 | -0.00491 | -0.00419 | -0.00705 | 0.00036 | -0.00096 | -0.00671 | -0.00030 | 0.95427 | -0.00493 | -0.00083 | -0.00405 | -0.00269 | -0.00071 | -0.00367 | -0.00472 | -0.00385 | -0.00588 | -0.00550 | -0.00128 | -0.00139 | -0.00024 | 0.00532 | -0.00014 | 0.13017 | -0.00538 | -0.00117 | -0.00383 | -0.00160 | 0.99999 | -0.00302 | -0.00166 | -0.00232 | -0.00121 | -0.00128 | -0.00291 | -0.00059 | -0.00129 | -0.00146 | -0.00013 | -0.00169 | -0.00230 | 0.01471 |\n",
      "| X19 | 0.99674 | -0.00040 | -0.00004 | 0.02278 | 0.00069 | 0.99660 | 0.02149 | -0.00040 | -0.00041 | 0.99658 | 0.99983 | 0.95393 | 0.06052 | 0.99991 | 0.02161 | 0.99792 | 0.98785 | 0.99374 | 0.98889 | -0.00038 | 1.00000 | 0.00052 | 0.75035 | -0.03012 | -0.00024 | 0.00056 | 0.00106 | 0.00120 | -0.01527 | -0.00039 | 0.01768 | -0.00040 | 0.08285 | 0.02823 | 0.98141 | 0.00146 | 0.02303 | -0.00038 | 0.85366 | 0.02318 | -0.00042 | 0.77866 | 0.74288 | -0.00923 | 0.44618 | -0.00550 | -0.00133 | -0.00701 | -0.00899 | -0.00453 | 0.00023 | 0.00007 | -0.00940 | 0.00075 | 0.00181 | 0.00106 | 0.00163 | 0.00091 | 0.00237 | 0.00079 | 0.00108 | -0.00276 | -0.00967 | -0.00171 | -0.01329 | -0.00208 | -0.00626 | -0.00436 | -0.00703 | -0.00040 | 0.08601 | 0.00054 | 0.05797 | -0.00087 | 0.08811 | -0.00061 | -0.00142 | 0.00077 | 0.08739 | 0.00074 | 0.00034 | -0.00007 | -0.03628 |\n",
      "| X20 | 0.00046 | -0.00061 | 0.00044 | -0.00328 | 0.00040 | 0.00041 | -0.00066 | -0.00060 | 0.00047 | 0.00050 | 0.00047 | 0.00059 | 0.00049 | 0.00053 | -0.00333 | 0.00061 | 0.00051 | 0.00056 | 0.00050 | -0.00060 | 0.00052 | 1.00000 | 0.00110 | -0.01137 | -0.00013 | 0.99865 | 0.99864 | 0.99859 | 0.02940 | -0.00060 | 0.01272 | 0.00049 | 0.04295 | -0.00298 | 0.00054 | -0.00138 | -0.00289 | 0.00045 | 0.00065 | -0.00301 | -0.00065 | 0.00180 | 0.00173 | -0.00169 | 0.01227 | 0.01512 | -0.00080 | -0.00394 | -0.00618 | -0.00287 | -0.00130 | -0.00164 | -0.00533 | 0.00245 | -0.00201 | 0.01169 | 0.01738 | 0.01097 | 0.21173 | 0.00513 | -0.00439 | -0.00284 | -0.00594 | -0.00173 | -0.01262 | 0.00037 | 0.00075 | -0.00037 | -0.00000 | -0.00061 | -0.00232 | 0.00050 | 0.00971 | -0.00195 | -0.00172 | -0.00627 | -0.00394 | -0.00221 | -0.00275 | -0.01752 | 0.03148 | -0.00228 | 0.03700 |\n",
      "| X21 | 0.75355 | -0.00833 | -0.00683 | 0.01713 | -0.00705 | 0.75401 | 0.00666 | -0.00833 | -0.00835 | 0.75400 | 0.75027 | 0.71840 | 0.02227 | 0.75053 | 0.00715 | 0.75654 | 0.74481 | 0.75696 | 0.74568 | -0.00832 | 0.75035 | 0.00110 | 1.00000 | -0.00483 | -0.00497 | -0.00040 | 0.00028 | 0.00057 | 0.01070 | -0.00833 | 0.05345 | -0.00833 | 0.09044 | 0.01366 | 0.74011 | -0.01351 | 0.01375 | -0.00788 | 0.64192 | 0.01717 | -0.00840 | 0.98989 | 0.99504 | 0.02102 | 0.33654 | -0.01681 | -0.01800 | 0.00569 | 0.00239 | 0.17194 | 0.05710 | 0.01439 | -0.01769 | 0.00225 | 0.00532 | 0.04613 | 0.01566 | 0.04529 | 0.09548 | 0.00178 | 0.00393 | 0.01848 | -0.01378 | -0.00155 | 0.02152 | 0.03260 | -0.00053 | -0.00093 | -0.00606 | -0.00832 | 0.20445 | 0.01257 | 0.02097 | -0.00763 | -0.00472 | 0.00560 | 0.01659 | -0.00034 | -0.00205 | -0.00128 | 0.00131 | -0.00406 | -0.00670 |\n",
      "| X22 | -0.02640 | -0.06752 | -0.06488 | -0.00530 | -0.06765 | -0.02383 | -0.01136 | -0.06748 | -0.06785 | -0.02455 | -0.02777 | -0.02265 | 0.10864 | -0.02946 | -0.00648 | -0.02608 | -0.02974 | -0.01054 | -0.02991 | -0.06763 | -0.03012 | -0.01137 | -0.00483 | 1.00000 | 0.03053 | -0.01581 | -0.01396 | -0.01493 | 0.09281 | -0.06749 | 0.01124 | -0.06789 | 0.17366 | -0.01027 | -0.03155 | 0.06910 | -0.00929 | -0.06674 | -0.01276 | -0.00857 | -0.07058 | 0.00074 | 0.02242 | 0.28067 | -0.02479 | 0.04611 | 0.06030 | 0.08402 | 0.02427 | -0.02432 | -0.00601 | 0.11757 | 0.09787 | -0.06808 | -0.02273 | 0.01695 | 0.00094 | 0.02704 | 0.04039 | -0.06521 | 0.02483 | 0.11335 | 0.17078 | 0.06965 | 0.21404 | 0.00217 | 0.02379 | 0.03308 | 0.04153 | -0.06735 | -0.03351 | 0.09719 | 0.28449 | -0.07842 | -0.00140 | 0.03505 | 0.03327 | -0.00261 | 0.00746 | 0.00642 | -0.01324 | 0.04710 | 0.01358 |\n",
      "| X23 | -0.00024 | -0.00152 | -0.00159 | -0.00028 | 0.00010 | -0.00048 | -0.00008 | -0.00154 | -0.00147 | -0.00047 | -0.00057 | 0.28333 | 0.58195 | -0.00036 | -0.00020 | -0.00075 | 0.11807 | -0.00172 | 0.10999 | -0.00150 | -0.00024 | -0.00013 | -0.00497 | 0.03053 | 1.00000 | -0.00163 | -0.00192 | -0.00181 | -0.01568 | -0.00154 | -0.00223 | -0.00147 | 0.04174 | 0.00031 | 0.11660 | -0.00227 | -0.00015 | -0.00168 | 0.50344 | -0.00025 | 0.00026 | -0.00286 | -0.00341 | 0.00940 | -0.00236 | -0.00322 | -0.00767 | -0.00828 | -0.01419 | -0.00817 | 0.00131 | 0.03343 | 0.08988 | 0.03905 | 0.30620 | -0.00262 | -0.00225 | -0.00361 | 0.00043 | 0.04066 | -0.00355 | -0.00547 | -0.01014 | -0.00258 | -0.01652 | -0.00713 | -0.00605 | -0.00497 | -0.00720 | -0.00155 | -0.00269 | -0.00308 | -0.00282 | -0.00156 | -0.00161 | -0.00297 | -0.00159 | -0.00062 | -0.00164 | -0.00029 | 0.02056 | -0.00272 | 0.01569 |\n",
      "| X24 | 0.00053 | -0.00025 | 0.00072 | -0.00300 | 0.00068 | 0.00051 | -0.00051 | -0.00025 | 0.00084 | 0.00054 | 0.00053 | 0.00056 | -0.00189 | 0.00057 | -0.00323 | 0.00051 | 0.00062 | 0.00026 | 0.00061 | -0.00024 | 0.00056 | 0.99865 | -0.00040 | -0.01581 | -0.00163 | 1.00000 | 0.99981 | 0.99983 | 0.02687 | -0.00025 | -0.00011 | 0.00085 | 0.04094 | -0.00260 | 0.00061 | -0.00108 | -0.00256 | 0.00084 | 0.00041 | -0.00265 | -0.00027 | 0.00010 | 0.00008 | -0.00209 | 0.01554 | 0.00134 | -0.00084 | -0.00464 | -0.00757 | -0.00261 | -0.00259 | -0.00332 | -0.00737 | 0.00283 | -0.00165 | 0.01154 | 0.01453 | 0.01056 | 0.21180 | 0.00562 | -0.00514 | -0.00500 | -0.00844 | -0.00226 | -0.01366 | 0.00020 | -0.00103 | -0.00090 | -0.00173 | -0.00025 | -0.00197 | -0.00167 | -0.00003 | -0.00141 | -0.00242 | -0.00827 | -0.00414 | -0.00166 | -0.00326 | -0.01862 | -0.00111 | -0.00205 | 0.03952 |\n",
      "| X25 | 0.00101 | -0.00006 | 0.00082 | -0.00251 | 0.00070 | 0.00102 | 0.00033 | -0.00005 | 0.00100 | 0.00105 | 0.00104 | 0.00089 | -0.00279 | 0.00110 | -0.00231 | 0.00113 | 0.00101 | 0.00090 | 0.00098 | -0.00006 | 0.00106 | 0.99864 | 0.00028 | -0.01396 | -0.00192 | 0.99981 | 1.00000 | 0.99999 | 0.03065 | -0.00005 | -0.00036 | 0.00102 | 0.04120 | -0.00223 | 0.00095 | -0.00152 | -0.00216 | 0.00089 | 0.00064 | -0.00219 | -0.00009 | 0.00151 | 0.00150 | -0.00125 | 0.01068 | 0.00193 | -0.00058 | -0.00399 | -0.00407 | -0.00217 | -0.00306 | -0.00203 | -0.00685 | 0.00257 | -0.00252 | 0.01060 | 0.01306 | 0.00969 | 0.20985 | 0.00521 | -0.00515 | -0.00410 | -0.00661 | -0.00187 | -0.01163 | -0.00080 | -0.00122 | -0.00087 | -0.00130 | -0.00007 | -0.00197 | -0.00068 | 0.00095 | -0.00161 | -0.00259 | -0.00777 | -0.00407 | -0.00193 | -0.00355 | -0.01907 | -0.00253 | -0.00308 | 0.03864 |\n",
      "| X26 | 0.00114 | -0.00005 | 0.00082 | -0.00240 | 0.00071 | 0.00115 | -0.00002 | -0.00005 | 0.00100 | 0.00117 | 0.00117 | 0.00104 | -0.00264 | 0.00124 | -0.00266 | 0.00126 | 0.00115 | 0.00101 | 0.00112 | -0.00006 | 0.00120 | 0.99859 | 0.00057 | -0.01493 | -0.00181 | 0.99983 | 0.99999 | 1.00000 | 0.03045 | -0.00005 | -0.00003 | 0.00103 | 0.04131 | -0.00211 | 0.00110 | -0.00156 | -0.00203 | 0.00089 | 0.00081 | -0.00203 | -0.00008 | 0.00180 | 0.00170 | -0.00169 | 0.01084 | -0.00101 | -0.00069 | -0.00404 | -0.00459 | -0.00196 | -0.00292 | -0.00195 | -0.00710 | 0.00268 | -0.00226 | 0.01069 | 0.01333 | 0.00964 | 0.20986 | 0.00532 | -0.00512 | -0.00406 | -0.00678 | -0.00181 | -0.01175 | -0.00058 | -0.00118 | -0.00089 | -0.00129 | -0.00006 | -0.00175 | -0.00072 | -0.00051 | -0.00151 | -0.00249 | -0.00771 | -0.00410 | -0.00183 | -0.00349 | -0.01913 | -0.00245 | -0.00306 | 0.03873 |\n",
      "| X27 | -0.01191 | -0.01535 | -0.01493 | -0.02307 | -0.01349 | -0.01243 | -0.02751 | -0.01540 | -0.01482 | -0.01283 | -0.01584 | -0.01936 | -0.05710 | -0.01562 | -0.02842 | -0.01296 | -0.01666 | -0.00932 | -0.01624 | -0.01534 | -0.01527 | 0.02940 | 0.01070 | 0.09281 | -0.01568 | 0.02687 | 0.03065 | 0.03045 | 1.00000 | -0.01540 | -0.01322 | -0.01489 | 0.62861 | -0.02485 | -0.01821 | -0.02827 | -0.02447 | -0.01474 | -0.02207 | -0.02152 | -0.01106 | 0.02724 | 0.02684 | -0.02694 | -0.00650 | -0.02102 | -0.03093 | 0.04249 | 0.09502 | 0.24594 | -0.01968 | 0.08205 | -0.00541 | 0.10151 | -0.02317 | 0.01475 | 0.03306 | 0.01372 | 0.01699 | 0.10026 | 0.03521 | 0.03196 | 0.07138 | 0.04529 | -0.00496 | -0.00894 | 0.01087 | 0.05657 | 0.04957 | -0.01540 | 0.00759 | 0.00328 | 0.02388 | -0.01560 | -0.01648 | -0.00566 | -0.01497 | -0.01130 | -0.01910 | -0.00398 | -0.01428 | -0.01974 | -0.02172 |\n",
      "| X28 | -0.00046 | 1.00000 | 0.99989 | -0.00226 | 0.99967 | -0.00237 | -0.00182 | 1.00000 | 0.99997 | -0.00044 | -0.00213 | -0.00181 | -0.00186 | -0.00201 | -0.00324 | -0.00047 | -0.00165 | -0.00072 | -0.00037 | 1.00000 | -0.00039 | -0.00060 | -0.00833 | -0.06749 | -0.00154 | -0.00025 | -0.00005 | -0.00005 | -0.01540 | 1.00000 | -0.00044 | 0.99998 | -0.02626 | -0.00009 | -0.00035 | -0.00106 | -0.00010 | 0.99991 | -0.00198 | -0.00269 | 0.99892 | -0.00492 | -0.00420 | -0.00705 | -0.00062 | -0.00095 | -0.00670 | -0.00028 | 0.95430 | -0.00507 | -0.00087 | -0.00405 | -0.00267 | -0.00182 | -0.00381 | -0.00473 | -0.00384 | -0.00589 | -0.00550 | -0.00239 | -0.00139 | -0.00023 | 0.00534 | -0.00013 | 0.13019 | -0.00536 | -0.00116 | -0.00383 | -0.00159 | 0.99999 | -0.00302 | -0.00166 | -0.00233 | -0.00121 | -0.00127 | -0.00290 | -0.00058 | -0.00128 | -0.00146 | -0.00011 | -0.00169 | -0.00230 | 0.01466 |\n",
      "| X29 | 0.00503 | -0.00044 | -0.00002 | 0.01238 | -0.00031 | 0.00545 | 0.01049 | -0.00044 | -0.00041 | 0.00526 | 0.01832 | -0.00001 | 0.13690 | 0.01865 | 0.01062 | 0.01347 | 0.00045 | 0.00597 | 0.00051 | -0.00045 | 0.01768 | 0.01272 | 0.05345 | 0.01124 | -0.00223 | -0.00011 | -0.00036 | -0.00003 | -0.01322 | -0.00044 | 1.00000 | -0.00035 | -0.00623 | 0.00682 | 0.00018 | -0.00218 | 0.01118 | 0.00019 | -0.00116 | 0.01345 | -0.00064 | 0.06558 | 0.05775 | -0.01097 | 0.00060 | -0.02042 | -0.00664 | 0.02945 | 0.01137 | 0.00522 | 0.00131 | 0.00356 | -0.01359 | -0.00309 | -0.00325 | 0.01665 | 0.38174 | 0.01324 | -0.00713 | -0.00365 | 0.05085 | 0.04315 | -0.01082 | 0.00901 | -0.01365 | 0.00199 | -0.00051 | -0.00167 | -0.00482 | -0.00047 | 0.01286 | 0.02501 | 0.10397 | -0.00419 | 0.16075 | -0.00544 | -0.00264 | 0.00029 | 0.15863 | 0.02334 | 0.00060 | -0.00371 | 0.00535 |\n",
      "| X30 | -0.00047 | 0.99999 | 0.99990 | -0.00233 | 0.99970 | -0.00237 | -0.00182 | 0.99998 | 0.99999 | -0.00044 | -0.00214 | -0.00181 | -0.00177 | -0.00202 | -0.00332 | -0.00048 | -0.00166 | -0.00073 | -0.00037 | 0.99999 | -0.00040 | 0.00049 | -0.00833 | -0.06789 | -0.00147 | 0.00085 | 0.00102 | 0.00103 | -0.01489 | 0.99998 | -0.00035 | 1.00000 | -0.02586 | -0.00015 | -0.00036 | -0.00106 | -0.00016 | 0.99992 | -0.00199 | -0.00275 | 0.99896 | -0.00493 | -0.00420 | -0.00705 | 0.00048 | -0.00101 | -0.00675 | -0.00019 | 0.95409 | -0.00428 | -0.00071 | -0.00400 | -0.00277 | -0.00063 | -0.00301 | -0.00462 | -0.00334 | -0.00579 | -0.00517 | -0.00113 | -0.00135 | -0.00034 | 0.00515 | -0.00018 | 0.12989 | -0.00539 | -0.00118 | -0.00382 | -0.00162 | 0.99998 | -0.00296 | -0.00136 | -0.00204 | -0.00124 | -0.00130 | -0.00285 | -0.00058 | -0.00019 | -0.00144 | -0.00007 | -0.00170 | -0.00231 | 0.01493 |\n",
      "| X31 | 0.08615 | -0.02624 | -0.02463 | 0.00415 | -0.02308 | 0.08569 | 0.00068 | -0.02627 | -0.02568 | 0.08497 | 0.08334 | 0.09163 | 0.01332 | 0.08271 | 0.00044 | 0.08534 | 0.08864 | 0.08675 | 0.08828 | -0.02625 | 0.08285 | 0.04295 | 0.09044 | 0.17366 | 0.04174 | 0.04094 | 0.04120 | 0.04131 | 0.62861 | -0.02626 | -0.00623 | -0.02586 | 1.00000 | 0.00331 | 0.08585 | -0.02555 | 0.00187 | -0.02479 | 0.09029 | 0.00337 | -0.02433 | 0.10776 | 0.10080 | -0.05304 | 0.02628 | -0.02151 | -0.04942 | -0.00409 | 0.01256 | 0.02029 | 0.01320 | 0.09055 | 0.03361 | 0.04710 | 0.05004 | 0.09197 | 0.06991 | 0.10046 | 0.11740 | 0.05189 | 0.06405 | 0.02130 | 0.01525 | 0.04940 | -0.07662 | -0.00337 | 0.00365 | 0.06663 | 0.05895 | -0.02632 | -0.00109 | 0.01778 | 0.05927 | -0.02585 | -0.02689 | -0.02646 | -0.01950 | 0.04108 | -0.01134 | 0.00311 | -0.02385 | -0.02803 | -0.02667 |\n",
      "| X32 | 0.00726 | -0.00009 | 0.00000 | 0.99183 | 0.00104 | 0.00696 | 0.95700 | -0.00009 | -0.00019 | 0.00700 | 0.03434 | 0.00922 | 0.00570 | 0.03438 | 0.95706 | 0.01020 | 0.00953 | 0.00494 | 0.00935 | -0.00010 | 0.02823 | -0.00298 | 0.01366 | -0.01027 | 0.00031 | -0.00260 | -0.00223 | -0.00211 | -0.02485 | -0.00009 | 0.00682 | -0.00015 | 0.00331 | 1.00000 | 0.00934 | 0.00111 | 0.99195 | -0.00030 | 0.00799 | 0.99171 | -0.00023 | 0.02051 | 0.01725 | -0.01146 | -0.00075 | -0.00670 | 0.00157 | -0.00942 | -0.01246 | -0.01054 | -0.00222 | -0.00386 | -0.00504 | -0.00329 | 0.00553 | -0.00092 | 0.00069 | -0.00173 | -0.00407 | -0.00423 | -0.00600 | -0.00597 | -0.01286 | -0.00298 | -0.01921 | -0.00856 | -0.00508 | -0.00071 | -0.00024 | -0.00011 | -0.00183 | -0.00133 | 0.03603 | -0.00254 | 0.00558 | 0.00325 | -0.00209 | -0.00096 | 0.00570 | 0.00001 | -0.00187 | -0.00173 | -0.04809 |\n",
      "| X33 | 0.98628 | -0.00036 | 0.00009 | 0.00382 | 0.00084 | 0.98614 | 0.00177 | -0.00036 | -0.00037 | 0.98614 | 0.98081 | 0.98220 | 0.08214 | 0.98098 | 0.00191 | 0.98439 | 0.99690 | 0.98611 | 0.99672 | -0.00034 | 0.98141 | 0.00054 | 0.74011 | -0.03155 | 0.11660 | 0.00061 | 0.00095 | 0.00110 | -0.01821 | -0.00035 | 0.00018 | -0.00036 | 0.08585 | 0.00934 | 1.00000 | 0.00002 | 0.00432 | -0.00034 | 0.91620 | 0.00424 | -0.00038 | 0.76745 | 0.73248 | -0.00774 | 0.44206 | -0.00512 | -0.00177 | -0.00692 | -0.01339 | -0.00486 | 0.00048 | 0.00258 | 0.00109 | 0.00075 | 0.05903 | 0.00194 | 0.00072 | 0.00149 | 0.00209 | 0.00074 | -0.00215 | -0.00594 | -0.01083 | -0.00283 | -0.01715 | -0.00447 | -0.00701 | -0.00686 | -0.00942 | -0.00037 | 0.08309 | -0.00300 | -0.00266 | -0.00072 | 0.00065 | -0.00150 | -0.00119 | 0.00061 | 0.00078 | -0.00092 | 0.00033 | -0.00017 | -0.03816 |\n",
      "| X34 | 0.00043 | -0.00106 | -0.00084 | -0.00130 | -0.00072 | 0.00154 | -0.00152 | -0.00106 | -0.00107 | 0.00106 | 0.00689 | -0.00075 | 0.16035 | 0.00205 | -0.00128 | 0.00115 | -0.00038 | 0.00341 | -0.00107 | -0.00106 | 0.00146 | -0.00138 | -0.01351 | 0.06910 | -0.00227 | -0.00108 | -0.00152 | -0.00156 | -0.02827 | -0.00106 | -0.00218 | -0.00106 | -0.02555 | 0.00111 | 0.00002 | 1.00000 | -0.00012 | -0.00107 | -0.00145 | -0.00238 | -0.00113 | -0.01469 | -0.01341 | -0.00810 | -0.00101 | 0.01244 | 0.46901 | -0.00609 | -0.00888 | -0.01479 | 0.00022 | 0.00450 | -0.00745 | 0.00008 | -0.00039 | -0.00111 | -0.00091 | 0.00032 | -0.00537 | 0.00025 | -0.00170 | -0.00752 | -0.01939 | -0.00581 | -0.01148 | -0.00489 | -0.00633 | -0.00345 | -0.00690 | -0.00108 | -0.00736 | 0.01103 | 0.04921 | -0.00428 | 0.02661 | 0.06610 | -0.00584 | -0.00112 | 0.02836 | 0.00351 | 0.00002 | -0.00081 | 0.09346 |\n",
      "| X35 | 0.00221 | -0.00010 | 0.00002 | 0.99986 | 0.00104 | 0.00188 | 0.95960 | -0.00010 | -0.00019 | 0.00193 | 0.02889 | 0.00427 | 0.00758 | 0.02896 | 0.95964 | 0.00564 | 0.00447 | -0.00020 | 0.00435 | -0.00010 | 0.02303 | -0.00289 | 0.01375 | -0.00929 | -0.00015 | -0.00256 | -0.00216 | -0.00203 | -0.02447 | -0.00010 | 0.01118 | -0.00016 | 0.00187 | 0.99195 | 0.00432 | -0.00012 | 1.00000 | -0.00034 | 0.00353 | 0.99956 | -0.00025 | 0.02103 | 0.01751 | -0.01254 | -0.00291 | -0.00856 | 0.00057 | -0.01138 | -0.01230 | -0.01082 | 0.00838 | -0.00254 | -0.00459 | -0.00347 | 0.01101 | 0.01386 | -0.00066 | 0.01265 | -0.00306 | -0.00444 | -0.00491 | -0.00180 | -0.01301 | -0.00323 | -0.01980 | -0.00984 | -0.00433 | -0.00101 | -0.00014 | -0.00012 | -0.00312 | -0.00111 | 0.04273 | -0.00275 | 0.00824 | 0.00299 | -0.00190 | -0.00091 | 0.01080 | 0.00042 | -0.00192 | -0.00193 | -0.04737 |\n",
      "| X36 | -0.00044 | 0.99991 | 0.99989 | -0.00252 | 0.99973 | -0.00236 | -0.00204 | 0.99991 | 0.99992 | -0.00042 | -0.00213 | -0.00182 | -0.00177 | -0.00202 | -0.00353 | -0.00045 | -0.00166 | -0.00069 | -0.00036 | 0.99991 | -0.00038 | 0.00045 | -0.00788 | -0.06674 | -0.00168 | 0.00084 | 0.00089 | 0.00089 | -0.01474 | 0.99991 | 0.00019 | 0.99992 | -0.02479 | -0.00030 | -0.00034 | -0.00107 | -0.00034 | 1.00000 | -0.00196 | -0.00293 | 0.99883 | -0.00475 | -0.00411 | -0.00744 | 0.00083 | 0.00075 | -0.00624 | 0.00014 | 0.95388 | -0.00438 | -0.00092 | -0.00334 | -0.00290 | -0.00184 | -0.00381 | -0.00407 | -0.00203 | -0.00513 | -0.00349 | -0.00228 | -0.00149 | -0.00082 | 0.00440 | -0.00039 | 0.12947 | -0.00454 | -0.00111 | -0.00387 | -0.00162 | 0.99991 | -0.00285 | -0.00145 | -0.00094 | -0.00137 | -0.00137 | -0.00291 | -0.00056 | -0.00029 | -0.00145 | 0.00056 | -0.00171 | -0.00143 | 0.01474 |\n",
      "| X37 | 0.85795 | -0.00199 | -0.00168 | 0.00307 | -0.00063 | 0.85770 | 0.00126 | -0.00199 | -0.00201 | 0.85773 | 0.85293 | 0.96867 | 0.30380 | 0.85320 | 0.00144 | 0.85602 | 0.91463 | 0.85714 | 0.91132 | -0.00197 | 0.85366 | 0.00065 | 0.64192 | -0.01276 | 0.50344 | 0.00041 | 0.00064 | 0.00081 | -0.02207 | -0.00198 | -0.00116 | -0.00199 | 0.09029 | 0.00799 | 0.91620 | -0.00145 | 0.00353 | -0.00196 | 1.00000 | 0.00345 | -0.00208 | 0.66651 | 0.63597 | -0.00274 | 0.38424 | -0.00514 | -0.00362 | -0.00850 | -0.01754 | -0.00662 | 0.00047 | 0.01620 | 0.03736 | -0.00114 | 0.15732 | -0.00100 | 0.00007 | -0.00177 | 0.00107 | -0.00110 | -0.00336 | -0.00690 | -0.01312 | -0.00328 | -0.02047 | -0.00651 | -0.00850 | -0.00877 | -0.01112 | -0.00200 | 0.07120 | -0.00338 | -0.00339 | -0.00112 | -0.00126 | -0.00247 | -0.00153 | 0.00048 | -0.00128 | -0.00065 | -0.00162 | -0.00068 | -0.02633 |\n",
      "| X38 | 0.00223 | -0.00269 | -0.00256 | 0.99961 | -0.00160 | 0.00196 | 0.95985 | -0.00269 | -0.00279 | 0.00199 | 0.02895 | 0.00420 | 0.00690 | 0.02915 | 0.95994 | 0.00589 | 0.00440 | 0.00003 | 0.00427 | -0.00269 | 0.02318 | -0.00301 | 0.01717 | -0.00857 | -0.00025 | -0.00265 | -0.00219 | -0.00203 | -0.02152 | -0.00269 | 0.01345 | -0.00275 | 0.00337 | 0.99171 | 0.00424 | -0.00238 | 0.99956 | -0.00293 | 0.00345 | 1.00000 | -0.00284 | 0.02450 | 0.02096 | -0.01264 | -0.00281 | -0.01192 | -0.00192 | -0.00989 | -0.01367 | -0.00882 | 0.00813 | -0.00133 | -0.00447 | -0.00348 | 0.01080 | 0.01405 | 0.00039 | 0.01224 | -0.00257 | -0.00449 | -0.00553 | -0.00147 | -0.01184 | -0.00260 | -0.01851 | -0.00947 | -0.00415 | -0.00054 | -0.00014 | -0.00271 | -0.00181 | 0.00017 | 0.04287 | -0.00279 | 0.00950 | 0.00284 | -0.00171 | -0.00063 | 0.01151 | 0.00022 | -0.00183 | -0.00198 | -0.04882 |\n",
      "| X39 | -0.00049 | 0.99895 | 0.99885 | -0.00243 | 0.99940 | -0.00240 | -0.00185 | 0.99892 | 0.99895 | -0.00047 | -0.00216 | -0.00183 | -0.00196 | -0.00204 | -0.00342 | -0.00051 | -0.00168 | -0.00077 | -0.00039 | 0.99897 | -0.00042 | -0.00065 | -0.00840 | -0.07058 | 0.00026 | -0.00027 | -0.00009 | -0.00008 | -0.01106 | 0.99892 | -0.00064 | 0.99896 | -0.02433 | -0.00023 | -0.00038 | -0.00113 | -0.00025 | 0.99883 | -0.00208 | -0.00284 | 1.00000 | -0.00496 | -0.00423 | -0.00712 | -0.00071 | -0.00097 | -0.00672 | -0.00046 | 0.95278 | -0.00500 | -0.00088 | -0.00423 | -0.00308 | 0.04455 | 0.00198 | -0.00479 | -0.00387 | -0.00601 | -0.00553 | 0.04385 | -0.00146 | -0.00043 | 0.00499 | -0.00022 | 0.12945 | -0.00533 | -0.00120 | -0.00387 | -0.00165 | 0.99892 | -0.00299 | -0.00156 | -0.00236 | -0.00128 | -0.00135 | -0.00303 | -0.00071 | -0.00131 | -0.00154 | -0.00009 | -0.00171 | -0.00240 | 0.01415 |\n",
      "| X40 | 0.78139 | -0.00493 | -0.00436 | 0.02445 | -0.00402 | 0.78197 | 0.01490 | -0.00493 | -0.00493 | 0.78192 | 0.77867 | 0.74538 | 0.02487 | 0.77902 | 0.01540 | 0.78527 | 0.77239 | 0.78521 | 0.77321 | -0.00491 | 0.77866 | 0.00180 | 0.98989 | 0.00074 | -0.00286 | 0.00010 | 0.00151 | 0.00180 | 0.02724 | -0.00492 | 0.06558 | -0.00493 | 0.10776 | 0.02051 | 0.76745 | -0.01469 | 0.02103 | -0.00475 | 0.66651 | 0.02450 | -0.00496 | 1.00000 | 0.99302 | 0.01014 | 0.34936 | -0.03382 | -0.01781 | 0.00604 | 0.01649 | 0.18023 | 0.06264 | 0.01758 | -0.01141 | 0.00308 | 0.00886 | 0.05327 | 0.02167 | 0.05166 | 0.07727 | 0.00175 | 0.00863 | 0.02635 | -0.01040 | 0.00312 | 0.02097 | 0.02489 | -0.00443 | 0.00100 | -0.00237 | -0.00494 | 0.21260 | 0.01873 | 0.02583 | -0.00964 | -0.00122 | 0.00435 | 0.01710 | 0.00045 | 0.00229 | -0.00129 | -0.00537 | -0.00869 | -0.02258 |\n",
