{
 "cells": [
  {
   "cell_type": "code",
   "execution_count": 231,
   "metadata": {},
   "outputs": [
    {
     "name": "stdout",
     "output_type": "stream",
     "text": [
      "['Num', 'Country', 'X1', 'X2', 'X3', 'X4', 'X5', 'X6', 'X7', 'X8', 'X9', 'X10', 'X11', 'X12', 'X13', 'X14', 'X15', 'X16', 'X17', 'X18', 'X19', 'X20', 'X21', 'X22', 'X23', 'X24', 'X25', 'X26', 'X27', 'X28', 'X29', 'X30', 'X31', 'X32', 'X33', 'X34', 'X35', 'X36', 'X37', 'X38', 'X39', 'X40', 'X41', 'X42', 'X43', 'X44', 'X45', 'X46', 'X47', 'X48', 'X49', 'X50', 'X51', 'X52', 'X53', 'X54', 'X55', 'X56', 'X57', 'X58', 'X59', 'X60', 'X61', 'X62', 'X63', 'X64', 'X65', 'X66', 'X67', 'X68', 'X69', 'X70', 'X71', 'X72', 'X73', 'X74', 'X75', 'X76', 'X77', 'X78', 'X79', 'X80', 'X81', 'X82', 'S']\n",
      "[1.000000000000001, -0.00046598840774238936, -7.386592524141464e-05, 0.001871873088390433, 0.0005817625937536598, 0.9998363613989701, -0.0006743600412310786, -0.00046569074964108575, -0.0004688184955923462, 0.9998611017781036, 0.9962122760522042, 0.957829855256485, 0.01249107234253652, 0.9962956321137905, -0.0005462334846589197, 0.9989153159060624, 0.9919284168567686, 0.9982472717897616, 0.9929955259185308, -0.00045028500544172284, 0.9967410855408667, 0.0004550382428447437, 0.7535457160226509, -0.026395068525945014, -0.00024389273620714768, 0.0005253923228681812, 0.0010123230503097699, 0.0011363848699711438, -0.011908853701608995, -0.00046217668240753495, 0.005034255597116037, -0.0004655264749796624, 0.08614949955678507, 0.00725514863506361, 0.9862797676963251, 0.0004269872486493203, 0.0022066263607724798, -0.0004440212229260319, 0.8579478573976682, 0.002232610715149761, -0.0004938432816610119, 0.7813896832785475, 0.7459246129597247, -0.006730963098292922, 0.4478305833913588, -0.004848695735377216, -0.000596776133348996, -0.005659125483503972, -0.008323780147451235, -0.0031093481140067472, -0.0014953522114838657, 0.0006366078912101279, -0.007741666814029969, 0.0006716595230091373, 0.003409048234912977, 0.0011528814586078914, 0.0012154156149427, 0.0011403866769204459, 0.0022342823091087895, 0.0007200782222909388, 0.0035016844333737008, -0.0009369806189023697, -0.007385833833163087, -0.0006423332613964587, -0.010192492380493065, -0.001032133284590461, -0.006027261996710798, -0.0038654303417549793, -0.005966149320999603, -0.00047111552093654925, 0.08611399921854358, 0.0008860769134498988, 0.011943756387434511, -0.0010428529387303967, 0.014359240091122388, -4.065225339884266e-06, -0.0009903274614071285, 0.0006078904600090927, 0.014349174120735029, -0.0004173106678326325, 0.00033379704392809677, -0.0002945228854540588, -0.03761897503459725]\n",
      "[-0.00046598840774238936, 1.0000000000000078, 0.9998877888562586, -0.002262588338337792, 0.999678815379888, -0.002371418263418191, -0.001816366203903077, 0.9999998330021027, 0.9999745293905428, -0.0004391179683334568, -0.002135964819042959, -0.001808598736985347, -0.0018558846670573151, -0.0020187492833568577, -0.003240721735302472, -0.000475589867906886, -0.0016585152931137552, -0.0007276315746581013, -0.00036977328684521305, 0.999998574221355, -0.00039663948312313526, -0.0006051237369892529, -0.008330396369801549, -0.0675244273007922, -0.0015187879856320959, -0.0002468009888602686, -5.528971255981598e-05, -5.1799257833313744e-05, -0.015346914235602747, 0.9999998351303533, -0.0004426443962692971, 0.9999850417972505, -0.0262418495982935, -9.34003490470385e-05, -0.0003562767574275194, -0.0010642343292729417, -9.826582125946001e-05, 0.9999126056617954, -0.0019875408740809134, -0.0026889178509321896, 0.9989482627880549, -0.0049270656982394355, -0.004201672491872067, -0.0070483263967537745, -0.0006273416224833468, -0.0009475420265457423, -0.006699894625150509, -0.0002854987115255284, 0.9542975527229715, -0.005075570194064696, -0.0008694603826947562, -0.00405167091975983, -0.0026726435902289674, -0.0012484510895010952, -0.003733817025238159, -0.004730586176648443, -0.003844383700904136, -0.005894443771750266, -0.0054975090710344425, -0.0018217316223101087, -0.0013887201174793181, -0.00022789269357110497, 0.005338901679085769, -0.00013296852672565993, 0.13017899012015186, -0.005364142860738108, -0.0011633824906932405, -0.0038280815048266025, -0.0015873999714175824, 0.9999936753758029, -0.003015580287600133, -0.0016552986279737777, -0.0023258019158126776, -0.0012123609296154625, -0.0012748714270684645, -0.002902933585572511, -0.0005843815665078394, -0.001284567595960746, -0.0014591472622035885, -0.00010859444553515411, -0.0016853625788624722, -0.002297908502515869, 0.014651878067203474]\n",
      "[-7.386592524141464e-05, 0.9998877888562586, 0.9999999999999978, -0.0021587761733677623, 0.9997247062075685, -0.0019901595200291573, -0.0017169443072827533, 0.9998874069358584, 0.9999083603626454, -5.8931254800863075e-05, -0.0017852233311067196, -0.0014934139541650003, -0.0010899694681036675, -0.001678485863161222, -0.0032389757924862605, -9.267168000246405e-05, -0.001299716750549697, -0.0002521039620532046, 4.678663528614228e-06, 0.9998895107335732, -4.011127626930788e-05, 0.000439487152377011, -0.006829726661620126, -0.06488494863614679, -0.001590817360208675, 0.0007201442950240587, 0.0008150996180453599, 0.0008222392972557333, -0.014927340362841502, 0.9998874119299141, -1.7563844834467146e-05, 0.9999028554348861, -0.024633732354642838, 1.2813812700945318e-06, 8.872697513655864e-05, -0.0008435534422901841, 1.600622003642934e-05, 0.9998907398996423, -0.0016750532954873676, -0.002561852272989315, 0.9988530558720735, -0.004361516846513386, -0.003736716826843953, -0.0068798193655123735, 0.0009285066507631118, -0.00017308714086574967, -0.006461223176269555, -0.00014593472737647433, 0.9539108183951687, -0.004766557998871632, -0.00020658704952365687, -0.0031639878081450236, -0.0022496575233458783, -0.0007631597946716902, -0.0025790574595164193, -0.004019173323101352, -0.003304532899218746, -0.005013569977195536, -0.0029408552602961254, -0.0010996822567784501, -0.0009904591661727214, -0.00038530326429660764, 0.005127441515090021, -0.0004346505043045339, 0.12918338611329158, -0.0038322539261253894, 0.00021193418007902325, -0.003348655802380116, -0.0010230096461440815, 0.999886425644922, -0.0031055003324091494, -0.0006385299100177129, -0.0005151351961895477, -0.0015341003054690266, -0.0013845132277098833, -0.001907471386059504, -0.0006266710116550762, -0.00037013731538998717, -0.001466945586856594, 8.092882646989001e-05, -0.0006028946336559906, -0.0014865053810978466, 0.014403157979842245]\n",
      "[0.001871873088390433, -0.002262588338337792, -0.0021587761733677623, 1.0000000000000042, -0.0011634043356107948, 0.001567425672711471, 0.95941301710762, -0.0022605952142362063, -0.0023616930122566534, 0.0016049242883496642, 0.028676356580093702, 0.0038049790591708973, 0.008305645635923602, 0.028728544586542178, 0.9595025306793318, 0.00550625324344293, 0.0040117355998716105, -0.00034622560742941506, 0.003880429140987708, -0.0022691281016516845, 0.022777036319493543, -0.0032779065870659515, 0.017134939523604842, -0.005295128350091391, -0.00027648113842156514, -0.0029958568284773825, -0.002509494548226432, -0.0023982849458519546, -0.023065039436212287, -0.002260600658481484, 0.012384919902924575, -0.0023341682663564744, 0.004149448539357397, 0.9918326518846821, 0.0038237659914733347, -0.0013009889784491532, 0.99985501738511, -0.002519612766095416, 0.003072329322955087, 0.999605863403447, -0.0024289971947807866, 0.02444847919942819, 0.02137002285742166, -0.01162533154061643, -0.003383063013833089, -0.00935416966635105, -0.0016222923402956777, -0.010347180443159196, -0.012245848492722308, -0.009956343097129366, 0.007849366052771098, -0.001558933947132357, -0.004327748687162873, -0.0038825580757693833, 0.010156287367853891, 0.013843757158431431, -0.0004927188245072502, 0.012852608318689953, -0.0027687460052248434, -0.004926640801448745, -0.005298151066698621, -0.0016886556596871812, -0.012374858783137838, -0.0029557430193940296, -0.018091847348726577, -0.010411497025051862, -0.004383669461498776, -0.0007186436361877304, -0.0003322461974573725, -0.002283654809359991, -0.0024927719315283614, -7.692748916630237e-05, 0.04502283313594415, -0.0031646869883404827, 0.00929917849509905, 0.0030992743524593165, -0.001618820521313605, -0.0009762114379968296, 0.011809333192189094, 0.0005778343835705019, -0.0021789680568326947, -0.0022432935529881175, -0.046760113198886094]\n",
      "[0.0005817625937536598, 0.999678815379888, 0.9997247062075685, -0.0011634043356107948, 1.0000000000000033, -0.001355436625237958, -0.000740255922956523, 0.9996688911493745, 0.9997108055208328, 0.0005671219055469252, -0.0010435689070437168, -0.0005780886083924303, -5.138791250292974e-05, -0.0009582593945218027, -0.0023177626096592308, 0.000524273747138587, -0.0005238672775411391, 0.00028194215279361725, 0.0007869719567447103, 0.9996869528340127, 0.0006942127048437221, 0.0003959926901811287, -0.007048795717570081, -0.06765052671641555, 0.00010366009103844795, 0.0006847800088268947, 0.0007021905963071563, 0.0007069369867420733, -0.013493117190642112, 0.9996689598112504, -0.00030621698072959546, 0.9997003015416033, -0.02307773789979971, 0.0010365813603599562, 0.0008422509836124333, -0.0007243938160227636, 0.00103500173198688, 0.9997296315540076, -0.0006345347922022387, -0.001598529914929526, 0.9994013308996811, -0.004015116009439615, -0.003469153053463559, -0.007849501567176051, 0.00019901777238779783, 0.000911062258286535, -0.006022529414259156, -4.84460595733608e-05, 0.9533708723055899, -0.004055502974321128, 0.0005144338285384839, -0.0029147652706390894, -0.001615416586528127, 0.015790844445899822, 0.0005001255785526277, -0.00298065850907187, -0.0023761385846117807, -0.003985609587634648, -0.003624647778013708, 0.015342972352189642, 0.0009181136293220271, -0.001287892014022917, 0.00365945352807712, -0.0006976586800335622, 0.127889959152081, -0.0029428969006171676, 0.0002960199966898027, -0.0018493346928939631, 0.0008000439292368294, 0.9996709973000053, -0.0019174455191301406, 0.0005863950629129841, 0.0009792825048907125, -0.0015518084297454575, -0.00043050519033910724, -0.0028523217428566804, -0.0006668465331578829, -0.0004447405961105022, -0.0004103428453084694, 0.0006499437609388273, -0.0006528182743522648, -0.0015051229074488244, 0.014795227235635191]\n",
      "[0.9998363613989701, -0.002371418263418191, -0.0019901595200291573, 0.001567425672711471, -0.001355436625237958, 0.9999999999999974, -0.001077104238694122, -0.0023711255281938727, -0.0023773199430069674, 0.9999247843950939, 0.9962262355332161, 0.9576666837931639, 0.01409263765203789, 0.9962886812067202, -0.0009271118243413056, 0.9989991786409513, 0.9917966737351074, 0.9986931830542793, 0.9927663174062693, -0.0023553068712460073, 0.9965960941015589, 0.00041329584217842324, 0.7540079164882336, -0.023832941224569863, -0.0004807676117095227, 0.0005068779188437062, 0.0010246558101737165, 0.0011527465744022231, -0.012432247508114428, -0.002367611814498302, 0.0054454154306406224, -0.0023680868942844917, 0.08569303905957332, 0.006963245282401848, 0.9861395333451038, 0.0015434449702768033, 0.0018770925927841082, -0.0023562087536272073, 0.8577045745425914, 0.0019583374496900457, -0.002396171582880224, 0.781967537527808, 0.7466089727451769, -0.005239310439875757, 0.4476943462538482, -0.004663105503711886, 0.0004350687460346883, -0.005933322260439358, -0.00970294262108898, -0.0021826934857050585, -0.00157694924862576, 0.0012456533567919653, -0.008206238827501105, 0.0006847379571549332, 0.0033493924879216875, 0.0008962375231389511, -0.00018856279253090435, 0.0007057189657514883, 0.0021982229357635718, 0.0007235351742899869, 0.0015334898313428796, 0.0002495842734921606, -0.00681507595705363, 9.06860144732004e-06, -0.008627342908458659, -0.00025455228970865736, -0.007682645377325013, -0.004474818852304146, -0.007472925744839984, -0.00237870578695559, 0.08751149814594933, 0.0008870827133002071, 0.013003789712352689, -0.0012875458705816605, 0.01460932158126974, 0.0008494270508588917, -0.001200212919013927, 0.0006161406111277897, 0.014601556186566578, -0.0003998494016848878, 0.0003455228338993229, -0.0003058456118134494, -0.03876397896335076]\n",
      "[-0.0006743600412310786, -0.001816366203903077, -0.0017169443072827533, 0.95941301710762, -0.000740255922956523, -0.001077104238694122, 0.9999999999999953, -0.0018160702484418428, -0.0018156230517834783, -0.0010220347819545064, 0.027133182070325335, 0.0017847966339348887, 0.012579743635296988, 0.02728588431913215, 0.9998249242235903, 0.0033439044927958002, 0.0019300508254065302, -0.0036579126744187046, 0.0018295646813496014, -0.0018150725951392365, 0.021485278898977708, -0.0006602250436179813, 0.006660262978412649, -0.011357379087476345, -8.056280374760072e-05, -0.000512616044971442, 0.00032731280078571314, -1.837677506644845e-05, -0.027512425470170958, -0.0018160738387004928, 0.010485590933272443, -0.0018157095452495994, 0.0006821977802390399, 0.9570004585877745, 0.001773838052813421, -0.0015207030071921325, 0.9596044599423786, -0.0020437263973749533, 0.0012645087258234134, 0.9598519584595053, -0.0018494827445888506, 0.01490234325485591, 0.01055239940678143, -0.01373833951143782, -0.0016783528848338725, -0.013898440051691895, -0.00206443502553536, -0.010201034583176345, -0.016807203115400234, -0.011470503229679786, 0.005010349808897965, -0.003154095560740971, -0.004159157697806221, -0.0008732694720958, 0.009808642117164841, 0.00839365083319555, -0.00044488881888680174, 0.006406583686872475, -0.0023576827114743354, -0.001189515173525784, -0.006666894236095713, -0.00463305492827581, -0.01603361649857742, -0.0031720833682269654, -0.02511182257648595, -0.012490519224716395, -0.005088184308486228, 0.0030671981989651795, 0.0026426565637946197, -0.0018381294899845635, -0.004771943860343843, 0.0005206984618730303, 0.04475341256947993, -0.0030568193018622285, 0.017497581317817694, -0.0003517474696401143, -0.0032267800461618402, 0.0010968381441126905, 0.01898560016802855, -0.004800431500713247, -0.0021289493146246677, -0.0027428684680639334, -0.05130228387620492]\n",
      "[-0.00046569074964108575, 0.9999998330021027, 0.9998874069358584, -0.0022605952142362063, 0.9996688911493745, -0.0023711255281938727, -0.0018160702484418428, 1.0000000000000044, 0.9999740468181277, -0.0004388310903662007, -0.0021356745687977946, -0.0018084400444777864, -0.001855166216189091, -0.002018479210575926, -0.0032385858554407365, -0.00047522467357356184, -0.0016583331324132406, -0.0007271470505116698, -0.0003695724444108752, 0.9999980987969748, -0.0003963716153278466, -0.0006044082680600266, -0.008329321062092684, -0.0674846241841085, -0.0015413345316598217, -0.00024639032484758804, -5.474084167193987e-05, -5.130781971829416e-05, -0.015398205089196561, 0.9999999999867939, -0.0004400189156316678, 0.9999845519764125, -0.026265057197355893, -9.179008072806327e-05, -0.0003560962638740451, -0.0010639339475742701, -9.653700904774545e-05, 0.9999128603003518, -0.0019864428540032016, -0.0026871266485874244, 0.9989215982074698, -0.004926254295752362, -0.004200995209980649, -0.007047493405540305, -0.0006262011413393992, -0.000948074629526061, -0.006699645051770044, -0.0002827406912753759, 0.9543046336852437, -0.005074858682803286, -0.0008694097639390312, -0.004049012684868525, -0.0026676935497871035, -0.0018256982447369553, -0.0038060099508599758, -0.004729747644883731, -0.003843792119732772, -0.005892920904428065, -0.005497119395570957, -0.002397407600303345, -0.0013878056649294403, -0.00022513884784768266, 0.005344234354626868, -0.00013166441264204107, 0.1301870549424017, -0.005364351228373635, -0.0011628521145671308, -0.003827295206229061, -0.001586398024346722, 0.9999938188126793, -0.003015660913674107, -0.0016559143533378434, -0.002325179711669842, -0.0012115586555605485, -0.0012740215125276874, -0.0029011964546477517, -0.0005827949856670198, -0.001284262085695703, -0.0014582143376382691, -0.00010871949890468472, -0.0016851053695167274, -0.0022966836281781283, 0.014657312193749734]\n",
      "[-0.0004688184955923462, 0.9999745293905428, 0.9999083603626454, -0.0023616930122566534, 0.9997108055208328, -0.0023773199430069674, -0.0018156230517834783, 0.9999740468181277, 1.0000000000000016, -0.0004491938526862989, -0.002147348942212605, -0.0018211137289564816, -0.0017542621390228307, -0.002035405271081414, -0.003368344908198834, -0.0004940826014136396, -0.0016680869824490078, -0.0007355888941692889, -0.0003750181461055101, 0.9999761972344079, -0.00040564631429542596, 0.00047468376952921004, -0.00834975738517212, -0.06785112939812202, -0.0014719879715944276, 0.000837597718328467, 0.0009976510747465926, 0.0010028692694986523, -0.014815301404693762, 0.9999740512484651, -0.00041091642512417723, 0.9999894933495096, -0.025681315783041784, -0.00019389415044505006, -0.00036953913051061105, -0.0010656154384686963, -0.00018570628193464013, 0.999916562715003, -0.002009499220722462, -0.002794717220673246, 0.9989478629253025, -0.004926162449018692, -0.004332250467385631, -0.007075730138350628, 0.0008744751293051843, -0.0010112438147161567, -0.006814923428769074, -0.00021591745585139722, 0.9540298450214579, -0.0042080988622718194, -0.0007106290409289928, -0.004002566338409229, -0.002169992434663425, -0.0006478924812548256, -0.0030286141009422908, -0.0046399663087176675, -0.0033868920702084396, -0.005808595296563126, -0.005182626902144322, -0.0011401172564077578, -0.001377327949822471, -0.0004097699669418705, 0.005028814188134399, -0.00021280533838983695, 0.1296796363697153, -0.005394786227726904, -0.0012029992478283635, -0.0038427239369796333, -0.0016445320059992803, 0.9999691646390362, -0.0029942182297448806, -0.001383723999602349, -0.0020532391325632417, -0.0012585160681335204, -0.001321123715260807, -0.0028770750192094485, -0.0005960337734431482, -0.00021458106580084677, -0.0014583118701395241, -9.196069102211249e-06, -0.0016905046474797534, -0.0023247918983894406, 0.01502159855270696]\n",
      "[0.9998611017781036, -0.0004391179683334568, -5.8931254800863075e-05, 0.0016049242883496642, 0.0005671219055469252, 0.9999247843950939, -0.0010220347819545064, -0.0004388310903662007, -0.0004491938526862989, 1.0000000000000004, 0.996138909279555, 0.9576751443438449, 0.013077367687767549, 0.9962317813470167, -0.0008659346340380415, 0.9990171963930751, 0.9917884749331678, 0.9987252465724735, 0.992802198784615, -0.0004234308625590799, 0.9965828673955743, 0.0004995027814111444, 0.7539984143885036, -0.024554251962732955, -0.00047321277345112686, 0.0005365604732421658, 0.001048304343739146, 0.0011746197642297622, -0.012828088134083484, -0.000435317142198735, 0.0052567377704116, -0.0004438988306815373, 0.08496834086673839, 0.006995658796806475, 0.9861374674369613, 0.0010606318776999438, 0.0019256282326490933, -0.0004172675113163416, 0.8577338418894068, 0.001992512712118435, -0.0004655699289422493, 0.7819220254664813, 0.7465114055375035, -0.00580844520502267, 0.4477274066670193, -0.004640045807820516, 0.0004141200788594592, -0.005401599524444487, -0.007877856524574282, -0.0026651169864742794, -0.0017284500831614823, 0.0008342952523192471, -0.0072579213290595666, 0.000689353080398025, 0.0032779212019784466, 0.0009666961891914825, 0.000984286664407438, 0.0008000534722916424, 0.002360199354591418, 0.0007289731563270957, 6.770558464178417e-05, 0.000343189229391341, -0.006571506688989256, -1.3875315556982144e-05, -0.008641838736650498, -0.0012155619292541604, -0.006848968974970332, -0.006605191413596192, -0.009636596397814539, -0.0004461439585543806, 0.08676892344063655, 0.0012179613204989826, 0.012358487281279251, -0.0012339193818929667, 0.013768881151330648, 0.0014813975132894446, -0.0015585216513765677, 0.0006378854759223235, 0.013782660701845167, -0.00036550869884115347, 0.00037659032702915506, -0.000371357771908469, -0.03891941439205664]\n",
      "[0.9962122760522042, -0.002135964819042959, -0.0017852233311067196, 0.028676356580093702, -0.0010435689070437168, 0.9962262355332161, 0.027133182070325335, -0.0021356745687977946, -0.002147348942212605, 0.996138909279555, 1.0000000000000058, 0.9533017410462704, 0.06605580457945269, 0.9999085748596762, 0.027277507199453425, 0.9976893666598843, 0.9872874106376427, 0.9934662686848346, 0.9882341114368134, -0.002120744403009791, 0.9998302137207821, 0.00047186607901696944, 0.750271253449091, -0.027768789681762895, -0.0005656980204613093, 0.0005314082817065088, 0.0010408342128973968, 0.00116648410115249, -0.01584084197874106, -0.002132176967011966, 0.01831987308247089, -0.0021389957164292804, 0.08333844808418865, 0.034340031058722825, 0.9808106312107404, 0.006894945374530195, 0.02889414567924381, -0.0021305993995561654, 0.8529270039209665, 0.02895387604139538, -0.0021638094942594776, 0.7786679365928467, 0.742997400686976, -0.008343266834512158, 0.44588011180895665, -0.00521982830794134, 0.00019160685252349096, -0.0075399700709597355, -0.010136297816976378, -0.0047926113918797305, -2.1261924768154874e-05, 0.0003648220284396555, -0.009613594402168003, 0.0007147251847840171, 0.001623529175973353, 0.0009522391244884775, 0.00016007482442068462, 0.0009130356678806384, 0.001383625825009263, 0.0007276535029115209, 0.001263026643267244, -0.0018023713675834913, -0.009953700738143584, -0.0018600478202048384, -0.013312461781883608, -0.002101441937469557, -0.007473857015953209, -0.0033038056680394032, -0.006668549716912256, -0.0021442287194000614, 0.08641249947988855, 0.00032209083949420665, 0.061581017608571924, -0.0010575755265537462, 0.0920072285464659, -0.00014286042534303374, -0.0014242269643230828, 0.0007562242720177036, 0.09133597289645863, 0.0008048513137157395, 0.00036831707792349535, -0.00017679008619477765, -0.035849224306866836]\n",
      "[0.957829855256485, -0.001808598736985347, -0.0014934139541650003, 0.0038049790591708973, -0.0005780886083924303, 0.9576666837931639, 0.0017847966339348887, -0.0018084400444777864, -0.0018211137289564816, 0.9576751443438449, 0.9533017410462704, 0.9999999999999981, 0.17157755905411443, 0.9535409254772296, 0.0019219672861623604, 0.9561885274312957, 0.9856541986673433, 0.9558953477548991, 0.9841817617037042, -0.001793555937711529, 0.9539347702082107, 0.0005902322640999345, 0.718401844908275, -0.02265158874819804, 0.28332744666464127, 0.0005584098206769583, 0.0008864314873945442, 0.0010429376459647351, -0.01936005554145758, -0.0018050670593741873, -1.1547392824871777e-05, -0.0018100345074397136, 0.09163220159988802, 0.009224807292506746, 0.9822004929399413, -0.0007514672631441633, 0.0042695003170590854, -0.001816714379488501, 0.9686653057587976, 0.004195965033470436, -0.0018288013668425445, 0.7453771061524753, 0.7113260959056278, -0.005481430937692109, 0.4288794654654797, -0.004967379042333677, -0.0029555404033173374, -0.008297445517397676, -0.015472469466412796, -0.005612963402894054, 0.00044970390778270315, 0.007536357390580575, 0.01657821370448871, 0.0005535636338996401, 0.08421047447281962, 0.0005093247003318542, -0.0007282049798919302, -3.916387235915041e-06, -2.3959397277335685e-05, 0.00047606563312848894, -0.002394591440530759, -0.006322471261541535, -0.01113729515208033, -0.002946550483694218, -0.01837904858773933, -0.003893372357694492, -0.007650794739693867, -0.0072509956242535955, -0.009655547712959973, -0.001818046027746009, 0.08030593341436007, -0.0020155381359528443, 0.00033755501318620974, -0.0007919599212329916, 0.0025851573790500702, -0.0019696329617296354, -0.0012516369882604743, 0.000621695969323242, 0.0026509715152582495, -0.0005798932030557398, 0.0001473740414679319, -0.0016470938202332447, -0.03228615888365396]\n",
      "[0.01249107234253652, -0.0018558846670573151, -0.0010899694681036675, 0.008305645635923602, -5.138791250292974e-05, 0.01409263765203789, 0.012579743635296988, -0.001855166216189091, -0.0017542621390228307, 0.013077367687767549, 0.06605580457945269, 0.17157755905411443, 0.9999999999999982, 0.06339454012233581, 0.012807344656526281, 0.03196117530922406, 0.07550840454328962, 0.015252908464203671, 0.06985011961204649, -0.0018544781367477476, 0.0605233791326544, 0.0004920422332544237, 0.022267810107201497, 0.10864353377217349, 0.5819485044801039, -0.001892435268577149, -0.002788033330174732, -0.0026371490142325297, -0.057102630636603605, -0.0018551467692478798, 0.13690024758616248, -0.0017710689592744424, 0.01332387883505237, 0.005703358449920747, 0.08214105807912798, 0.1603458070485978, 0.007575112321463736, -0.0017700580822548383, 0.30379805802249854, 0.006901902718612787, -0.001955427587481463, 0.024874957846593868, 0.025384329129275494, 0.018915940003231213, 0.003574387797710535, -0.000995086844913683, 0.033182607090611556, -0.011553946448284712, -0.017206393995868787, -0.019567658309394033, 0.01926832427745237, 0.04636010343712365, 0.05628273239839254, -0.0002747273365786832, 0.1752295718459087, -0.0012120144700511458, 0.010258567654676715, -0.0005744658177820774, 0.0066946963607459, -0.0004523017444462013, -0.01917923855436698, 0.07201066560518223, -0.020991782481374226, 0.014365719980328165, 0.0036180429377563905, 0.0028943949155964604, -0.01094149756067425, -0.012127455249762638, -0.02123240031802793, -0.0018784770221887915, 0.007824425493943498, 0.027486040064848942, 0.45207561537143903, -0.009232014360943338, 0.669963931078637, 0.0700294945659061, -0.0008633850567569411, -0.00025982077161219375, 0.6660109500128051, 0.014388652352987554, 0.00023426196230038379, -0.004593321950172431, 0.057868848485590055]\n",
      "[0.9962956321137905, -0.0020187492833568577, -0.001678485863161222, 0.028728544586542178, -0.0009582593945218027, 0.9962886812067202, 0.02728588431913215, -0.002018479210575926, -0.002035405271081414, 0.9962317813470167, 0.9999085748596762, 0.9535409254772296, 0.06339454012233581, 1.000000000000004, 0.027437132839075274, 0.997776411946247, 0.9874359061596687, 0.9935209578740217, 0.9883875693098833, -0.0020035188833205553, 0.9999052913803382, 0.0005253420198682849, 0.7505309147554137, -0.029458955627079033, -0.0003621109606847665, 0.0005675328329264889, 0.0010952841319791958, 0.0012371425531359523, -0.015621268461453881, -0.0020149817108602347, 0.018652837032873716, -0.0020233891454524314, 0.08271443063539133, 0.03438180817608231, 0.9809841068759961, 0.0020450423737403715, 0.0289575869385021, -0.0020175042323302035, 0.8531994228278764, 0.029151433790759827, -0.002044037906394372, 0.7790210560597215, 0.7432323593611101, -0.008855284220279909, 0.44584587785619256, -0.0055886014965285625, -0.0015081954230921233, -0.007465245602397997, -0.010120781856961756, -0.004356290969428651, -3.2302195627029654e-06, 0.0003886781024749915, -0.009268147224060672, 0.0007250533882650936, 0.000796783880258684, 0.0010220660885588812, 0.0004689699794246586, 0.0008447636383713498, 0.001261656922442715, 0.0006832292145352328, 0.0007814741974775029, -0.002090190757181198, -0.009483555320247286, -0.0014161134447571583, -0.0130477786063259, -0.0019199076170154164, -0.0071142432559811435, -0.004880504910007279, -0.007708616875089494, -0.0020271484858327723, 0.08662418833569191, 0.0006541502013350412, 0.06033806198469318, -0.0009460576230572164, 0.09093581137504919, -0.00022505354710376178, -0.0012437818869124905, 0.0008020593448180159, 0.09019649595678762, 0.0007956487059631104, 0.00035921473881953697, -6.298183201565296e-05, -0.037360951232170134]\n",
      "[-0.0005462334846589197, -0.003240721735302472, -0.0032389757924862605, 0.9595025306793318, -0.0023177626096592308, -0.0009271118243413056, 0.9998249242235903, -0.0032385858554407365, -0.003368344908198834, -0.0008659346340380415, 0.027277507199453425, 0.0019219672861623604, 0.012807344656526281, 0.027437132839075274, 1.0000000000000038, 0.003522833201218468, 0.0020522172352041125, -0.0034339158430794305, 0.0019397478264658306, -0.0032481039821784597, 0.021612883103123266, -0.0033344201673608806, 0.007148757608967651, -0.006475421939196421, -0.00020136309162012395, -0.003231850394348084, -0.0023089765513525655, -0.002663887826656659, -0.028423613750841608, -0.0032386016697383197, 0.010616738842847787, -0.003317257594823995, 0.0004441268793775696, 0.9570632249193906, 0.0019097224311747417, -0.0012783690967390726, 0.9596406613268889, -0.0035295064171585217, 0.0014383300791795581, 0.9599419906624921, -0.0034180411761510813, 0.015400593872602506, 0.011433910773549678, -0.01323365805860336, -0.005207931774514388, -0.013421999541362771, -0.0013836272337298407, -0.010037324454461002, -0.01703347812366533, -0.013429694339760236, 0.004704367369235712, -0.0026759414540787445, -0.004942615871921644, -0.004167805835462756, 0.007797322797774556, 0.008403307445866126, -0.0014440611529588372, 0.006493076776691136, -0.0028457196972185668, -0.004669693041462248, -0.006418676687874799, -0.003940343632145016, -0.014842858804558856, -0.002861513109999971, -0.023381775534677622, -0.012025569458302481, -0.0046891576695703655, 0.0034140856067731993, 0.0031814663199926244, -0.003262964827388727, -0.0046718485951095295, 0.0005790357794952886, 0.04566863360639432, -0.0033551119825762166, 0.017667572781351955, -0.00014881423050309956, -0.0030185587275804453, -0.0015170492684266714, 0.01910453234238281, -0.004979343515655766, -0.002010486909359163, -0.00257819216665633, -0.052500053616618095]\n",
      "[0.9989153159060624, -0.000475589867906886, -9.267168000246405e-05, 0.00550625324344293, 0.000524273747138587, 0.9989991786409513, 0.0033439044927958002, -0.00047522467357356184, -0.0004940826014136396, 0.9990171963930751, 0.9976893666598843, 0.9561885274312957, 0.03196117530922406, 0.997776411946247, 0.003522833201218468, 0.9999999999999941, 0.9903045091224086, 0.9978803622967968, 0.9912903550860527, -0.0004598359699096548, 0.997923447906563, 0.0006069551337240953, 0.7565436131878069, -0.026082741626280832, -0.000750885889557989, 0.000506012200152779, 0.0011282725363663366, 0.0012591660423743496, -0.012958692282500302, -0.0004717162235826857, 0.013467188255018178, -0.00048492119267595817, 0.0853395209966334, 0.010197107597167323, 0.9843942479431682, 0.001151222826926989, 0.005637784526988854, -0.00044827701451929583, 0.8560186207045946, 0.005891434566377832, -0.0005082103811027698, 0.7852733650065941, 0.7492794561743823, -0.007905718462472738, 0.4470980601290656, -0.005866207844586269, -0.0007379287867009915, -0.00628714477465297, -0.004385711668749833, -0.003046802770989884, 3.379072836644162e-05, 0.005517197095910204, -0.007339266264072861, 0.0006674922065666895, 0.0025257125169881748, 0.0013064345624567374, 0.002090661084144682, 0.0011928640107012707, 0.0022541227022098574, 0.0006846977588969812, -0.0029636466776679776, 0.0029779778637642807, -0.008292743988275739, 2.913637948983572e-05, -0.010354875307022653, -0.0014636316404136268, -0.006702416778630261, -0.006024889910606847, -0.009546519166287269, -0.00048217715451520914, 0.0902314552247124, 0.002514361851317874, 0.028818294931519772, -0.00126982394128906, 0.03828635124663071, 0.001739400490855719, -0.0015605795690419217, 0.0006436931435418645, 0.038074276130150395, 0.0002417723728620668, 0.00036062205239797713, -0.000433511421138378, -0.03863398049515844]\n",
      "[0.9919284168567686, -0.0016585152931137552, -0.001299716750549697, 0.0040117355998716105, -0.0005238672775411391, 0.9917966737351074, 0.0019300508254065302, -0.0016583331324132406, -0.0016680869824490078, 0.9917884749331678, 0.9872874106376427, 0.9856541986673433, 0.07550840454328962, 0.9874359061596687, 0.0020522172352041125, 0.9903045091224086, 1.000000000000002, 0.9901796084721001, 0.9998895049922688, -0.0016429467034008698, 0.9878504432387054, 0.0005077769255689011, 0.7448062001640829, -0.029739587871384934, 0.11807202059487082, 0.0006224982974408808, 0.0010051953310269291, 0.0011477675910721093, -0.016659689162808487, -0.0016548398684751789, 0.00044509149114122795, -0.0016595657491453566, 0.08863972765632158, 0.009527889698305767, 0.9969008358567524, -0.0003794922118335644, 0.0044699083679428705, -0.0016551072371139178, 0.9146311334908714, 0.004399386241381657, -0.0016790367160612236, 0.7723870752634501, 0.7371761843709215, -0.007723180397374754, 0.444346340996734, -0.004875052204124555, -0.0017856160378386487, -0.0073937874391643895, -0.013792356880196852, -0.004754585271412932, 0.00039318855400354003, 0.001631877420885415, 0.0011095376494221492, 0.0006840882311010252, 0.042092880609390045, 0.00110101590224887, -0.00029968942340164676, 0.0008554792230121382, 0.0007552686090411411, 0.0006763148482522376, -0.000816070884395761, -0.005773049677966574, -0.010114188671936203, -0.0027035625192743, -0.01649060175672447, -0.00315009785673363, -0.006899616114939659, -0.005095909646291603, -0.007355579190884957, -0.001666925241153361, 0.08364018808265138, -0.001846923589705362, 0.0003819089767641458, -0.0005960295743565041, 0.002906435337334139, -0.0015148417518303988, -0.001130744037885104, 0.000673529319698775, 0.0029765945283775686, -0.0006548844314594007, 0.00027321617446759576, -0.0001181448855244198, -0.035831918669386606]\n",
      "[0.9982472717897616, -0.0007276315746581013, -0.0002521039620532046, -0.00034622560742941506, 0.00028194215279361725, 0.9986931830542793, -0.0036579126744187046, -0.0007271470505116698, -0.0007355888941692889, 0.9987252465724735, 0.9934662686848346, 0.9558953477548991, 0.015252908464203671, 0.9935209578740217, -0.0034339158430794305, 0.9978803622967968, 0.9901796084721001, 1.0000000000000007, 0.9911528858542675, -0.0007119155979292208, 0.993738870622944, 0.0005569856997995853, 0.756964016226945, -0.010543410008869117, -0.001717315863518291, 0.0002615768750001767, 0.0008974148151976065, 0.0010127094443801489, -0.009323714920192318, -0.0007236390719409524, 0.005974194861731013, -0.0007315213668828422, 0.0867540083224512, 0.0049430975480318304, 0.9861097392214249, 0.0034086490822283094, -0.00019846420373858975, -0.0006895983732231546, 0.8571421824389543, 2.5403530915716606e-05, -0.0007656688170518365, 0.7852121799294609, 0.7500857794618748, -0.0011235829038976509, 0.4468320440164859, -0.004865530798835709, 0.003048905164131132, -0.004115933069425181, -0.003089789585438549, -0.00016812392852317908, -0.003156102369588735, 0.008748389705534078, -0.00412179090474396, 0.0005493100918737965, 0.005851353427228909, 0.0010819482131519636, 0.0012865283879497761, 0.0009352475367543296, 0.0023532903882612635, 0.0005768978972186259, -0.007228254482186273, 0.010290670243855183, -0.0026173737831551966, 0.004587564288238958, 0.0006225181470330789, 0.001628092525529744, -0.008149931542073654, -0.00858104734610383, -0.013194619338065082, -0.000732791609673254, 0.08972988279039641, 0.0043150079640409, 0.012426772113273362, -0.0026133115838007726, 0.003910839670777578, 0.005723073063856651, -0.0021469779368127736, 0.0004033175122708659, 0.0040313634743725036, -8.450003673463719e-05, 0.0004516114266911299, -0.0009873456834376781, -0.042997829130772255]\n",
      "[0.9929955259185308, -0.00036977328684521305, 4.678663528614228e-06, 0.003880429140987708, 0.0007869719567447103, 0.9927663174062693, 0.0018295646813496014, -0.0003695724444108752, -0.0003750181461055101, 0.992802198784615, 0.9882341114368134, 0.9841817617037042, 0.06985011961204649, 0.9883875693098833, 0.0019397478264658306, 0.9912903550860527, 0.9998895049922688, 0.9911528858542675, 1.0000000000000044, -0.00035417967057687824, 0.988889451302974, 0.0004988841829026526, 0.7456777499774321, -0.02990677360468141, 0.10999368322468846, 0.0006084404124064499, 0.0009777095046749516, 0.0011189422006664166, -0.01623881245857435, -0.0003660759453119226, 0.0005079546266631633, -0.0003693740460054181, 0.08828044407329806, 0.009348592443969125, 0.9967193951091641, -0.001065994890347889, 0.004351059899878637, -0.0003560215557594411, 0.9113241151037692, 0.004270845781065447, -0.0003930782686342644, 0.7732096949049019, 0.7379359150923095, -0.007922338757926448, 0.4448427373363705, -0.004858071567980284, -0.0017502684563628038, -0.0069557677389224075, -0.012427165351936406, -0.0047814245522184145, 0.00037229640689535523, 0.0013800389210589462, 0.0011115463290647138, 0.0006597258278247814, 0.0396617524294712, 0.0011692170763533227, 0.0008082609770333735, 0.0009607126316269249, 0.002012637624555158, 0.0006774119390075375, 0.00040087193957316685, -0.005832842670861002, -0.01009588243875491, -0.0027224419805585427, -0.016453075807049675, -0.0030493492777444466, -0.006339499724896946, -0.004687803611282136, -0.006340259373434492, -0.000376561975038505, 0.08368768314697674, -0.0017671111056540127, 0.0004415953741508755, -0.0006014835625372768, 0.0027974066844343847, -0.0015027937904546309, -0.0007156056590011908, 0.000647019009415998, 0.002855323560588299, -0.0006422235968786738, 0.0002637515474101162, -0.0001051269409840694, -0.03573329830968749]\n",
      "[-0.00045028500544172284, 0.999998574221355, 0.9998895107335732, -0.0022691281016516845, 0.9996869528340127, -0.0023553068712460073, -0.0018150725951392365, 0.9999980987969748, 0.9999761972344079, -0.0004234308625590799, -0.002120744403009791, -0.001793555937711529, -0.0018544781367477476, -0.0020035188833205553, -0.0032481039821784597, -0.0004598359699096548, -0.0016429467034008698, -0.0007119155979292208, -0.00035417967057687824, 0.9999999999999954, -0.0003809220322817254, -0.0006045276559065134, -0.008318063651834523, -0.0676339983774471, -0.0014997451722307158, -0.00024451835269027064, -5.97291855066319e-05, -5.597943536410706e-05, -0.015335596720722626, 0.9999981029358315, -0.0004478255676860983, 0.9999867099998261, -0.026246229741694323, -9.862942619987297e-05, -0.00034074558868786207, -0.0010639586707196632, -0.00010381451426676703, 0.9999121534630436, -0.001974918354916324, -0.002694495348070284, 0.998971294359251, -0.004914352623407965, -0.004189641501687864, -0.007048512471072818, 0.00035758894001669317, -0.000956173680311545, -0.0067060034225451485, -0.00030217622384492385, 0.9542706575907957, -0.004926831023455725, -0.0008260869043787635, -0.004050474991686491, -0.0026905662286907306, -0.0007106500865905213, -0.003672179380154423, -0.004716340143545506, -0.0038459866350538043, -0.005875292881127753, -0.005504770172604177, -0.0012784525506502975, -0.0013880441090056836, -0.0002402472615117073, 0.00531567375666065, -0.00013854425084836532, 0.13017221395902795, -0.005381097273790048, -0.001174940889827909, -0.0038327705378851753, -0.0016015731142526247, 0.9999919711675812, -0.0030222272422767292, -0.0016562289181555954, -0.0023242107284080645, -0.0012143939669243574, -0.0012772944230764474, -0.0029118253546949794, -0.0005884311975159134, -0.0012870699729120498, -0.0014624972105751815, -0.00012738645752719858, -0.0016870399477453293, -0.0023014126167941423, 0.014711440333676903]\n",
